194252
224900
540115
222703
190124
164023
169542
400705
28793
30335
992295
709488
326234
234241
162052
179075
408527
237507
9744
168640
619948
493450
144815
308786
362489
223048
604266
297344
118500
601096
337106
674055
734880
533976
63763
661150
512471
84016
661493
674985
667777
256348
525466
663944
990400
526680
99652
919084
547253
557291
688650
106544
128572
318034
390214
1041910
826867
319377
820321
9934
632251
368047
469731
590747
282410
515268
512331
410463
522584
612583
837993
633407
778604
695275
47811
493771
1137969
278074
535941
315550
1119364
243965
132771
249132
439405
253956
958227
589756
86254
1120222
303633
206757
393657
393808
863762
769235
258377
752089
919295
451736
320306
833015
568593
441605
841766
303209
706561
172483
426222
525139
611668
790245
726226
263711
723736
50246
434937
394963
234030
377412
356257
881220
281163
413952
1137606
510855
692896
736404
886224
478079
1157847
83689
351486
740710
725405
138096
401126
1021300
549084
437425
173828
725170
83690
457188
303728
87554
301798
416532
23704
857142
422580
432399
415845
403679
58953
248267
506131
250088
240459
251446
262971
117614
158429
815690
218860
635743
1185430
635670
402099
215481
222400
370700
734660
148942
92093
1056230
591708
638097
853112
674144
245750
275958
272919
1176661
331227
56476
762293
225920
924978
550492
1074645
244497
7229
236228
466782
443229
575042
31562
350043
585517
662161
989024
