1184047
77925
669169
430985
945814
129195
324635
819848
1340614
129650
731115
599589
654006
708067
67893
229811
670639
34180
249633
288061
897056
973826
1099451
874864
113877
366862
130450
347183
111481
675188
374330
653620
460975
119218
668557
386260
131330
693949
185183
743753
124922
815905
325456
740067
993202
694182
695604
943516
752696
513755
1069320
40661
652013
736521
160276
482478
614682
322503
1294280
629316
327188
243938
49122
259692
433331
472961
810307
958264
346040
498257
1018261
194252
1258376
1024622
69053
1038943
133562
873260
1026137
54291
543139
876036
592820
517604
964536
677964
678336
255836
1246086
1308343
108515
284233
25622
364345
929182
232124
820444
325579
613797
135131
397270
876454
22701
555360
1147505
1077580
1352421
416996
1148707
374929
365895
908900
271987
349493
65106
135766
595922
232605
97071
748135
1005199
116978
525693
293666
24519
136418
614061
84576
961509
203678
206813
786952
125370
204416
68319
689122
623920
81287
768206
1282657
478809
396942
284149
523615
696029
1061116
503926
49104
1060708
145888
356355
383979
569376
292818
142816
485305
580400
475897
562895
697356
900997
280478
198953
854327
732143
657891
1239000
1089362
249267
307561
347773
559973
391134
249474
185188
29127
884610
1057878
635328
726219
849260
932669
825216
471213
1315994
63635
369094
342070
664342
870276
711952
756294
781505
343804
140703
698270
414966
469225
1040376
139544
465499
889281
391136
468419
842689
452087
140119
88799
346836
620839
215157
142154
904834
698832
328950
595156
129116
231258
603325
1329684
941464
331291
155201
1104143
40534
82539
65334
142620
157358
45759
987931
451675
833898
411894
348865
700197
1234298
887656
215865
1262031
762076
224287
151837
1056373
357035
323877
50669
1058362
696350
180895
67305
160816
345094
1353733
144570
906397
942699
654924
700062
358176
253950
606920
503291
700324
291196
535268
1331216
467796
594813
198760
497328
224900
1354116
239003
608048
700560
1230724
454366
968171
274455
844641
491456
92269
77943
146739
437121
242388
305806
153087
845476
425331
694095
928885
1162492
741794
807576
82778
467020
804475
982501
350632
545082
948452
672102
70847
446527
674569
277040
1128965
1046358
332995
1141946
902782
228495
157359
514597
540115
1289595
712012
904272
106032
894068
149013
1230615
524260
51130
34816
753079
680043
702251
419456
681971
90314
1346369
845701
522676
776788
702681
68303
852592
997671
98766
296402
407112
150104
70891
702860
125753
111232
156960
444311
343828
911106
143925
473236
44867
703281
279980
357664
151815
768653
592431
159973
511543
1330856
365735
472168
600430
167956
901756
944162
389042
1124349
916968
446564
1042410
1016248
340127
1056660
978755
57565
153139
1055674
446674
648053
224705
704415
139564
94344
441456
282738
1228782
525838
134862
395353
706959
291076
333976
154524
192339
145662
339257
499622
938176
496769
1112901
428445
847558
521720
35877
1099134
453325
155233
840832
705020
1238655
410211
494636
602550
494742
746977
599587
787369
1104881
506430
416918
266802
1161740
762448
480806
447295
1269865
383294
813612
427542
1355828
705407
305439
452129
1322022
1157996
1139995
855876
965829
498504
390355
1330956
503580
202490
496448
1039198
305959
1075014
325069
222703
1333066
386649
1215871
299789
916297
185197
776497
986956
791940
234520
923007
310953
1073745
658530
289532
936534
158854
1080405
159037
910553
1001758
190124
218045
130706
706935
1122020
559328
1018386
949383
999929
228373
635439
1138571
28973
596297
766218
60563
903285
876725
161127
815660
519821
695757
128742
22655
426713
596578
1220611
1164178
264519
284012
684151
25588
715661
137672
243018
1068911
320258
707914
81830
754805
261356
377750
830779
779249
69134
722959
162346
529842
708346
888741
686046
113832
708420
708377
1320143
274270
376428
1019358
687666
314649
133783
819432
922136
784055
784465
379360
163866
929214
4843
330637
751152
686694
164023
107765
989046
694537
650185
127996
228261
491899
689627
967596
548495
604457
525429
1069880
526626
164828
257180
1320538
613882
172101
261934
855508
757063
709680
53831
24726
709703
22209
386599
345054
1020295
166530
79345
166438
883098
270114
42950
472628
254743
135914
880392
1043644
278701
789549
100870
1191
220897
16198
306041
338608
1020717
710646
846176
607802
19451
492747
552521
1094919
954849
185425
168054
202631
20129
522145
595365
693686
82898
525583
1324823
607617
1067548
925225
748570
1192850
1281796
881642
1173171
730775
221351
169542
255996
908527
749096
711783
169830
165354
1220043
1235181
228519
1089525
24431
289593
393048
625401
126361
1224028
1301538
613396
892252
609931
634772
898328
4346
247568
304852
941607
610966
400705
788704
129117
405529
712873
721772
232278
405043
356259
1012294
158067
666092
1223786
400431
507854
793114
282309
713287
875
116359
713368
1114054
824932
207283
1184902
172842
433693
640992
1005511
1093440
136252
475219
893066
743020
28793
638208
298136
739981
16415
941161
386651
1273112
956999
295025
124752
876042
957720
470781
234500
175051
149361
500040
822663
30335
655305
226390
274361
811159
487749
175362
407453
168751
177087
194247
246896
127626
992295
1013599
712369
275293
597043
530244
356862
48337
894480
1366626
494552
571785
594690
83631
510715
205826
893280
783410
487104
932498
715145
477910
899099
80069
733557
194471
436823
889342
63583
155246
1289943
95664
701
797050
361955
88038
1134084
659512
353659
1225361
770422
398128
716201
218044
13797
503869
1117592
745323
958651
756678
368086
411426
1238057
838002
615072
106324
715838
420821
582032
259916
814233
664121
796730
215128
844490
671102
1137877
516792
247396
223647
495851
510957
1280598
128729
615234
895773
598385
181013
1136322
968661
345555
869560
74293
508468
306164
689458
145033
57099
895933
173829
757432
182261
711291
502877
130337
510864
657991
293061
734464
274180
394678
290480
880560
182934
355115
638580
1133123
241128
709488
1150123
545088
326234
1360805
364445
488228
126179
825762
58478
1072185
298519
463840
1134396
193443
688084
359123
987775
969260
620128
625420
975585
763629
66582
509114
772942
398632
1308196
612381
46121
602864
552791
992738
464572
185887
424568
459404
234241
594626
652918
191553
1105091
870145
162052
1084752
176017
1159623
65817
853105
824995
179075
578299
1026843
62901
1014012
441382
1216965
122420
136110
187803
1007312
871572
531179
703294
638500
610229
1220545
814217
507194
467746
1052910
995335
881328
188772
320760
675470
893743
814525
720807
515885
188004
812565
1050661
398047
1360477
86132
677731
466412
189555
849123
707940
333323
564110
377914
1325488
56942
1315355
373712
394120
1244619
620105
843838
700042
1168877
938891
1239580
721452
1241887
1362457
708471
721785
788052
4491
283766
332911
739664
509357
563241
925574
794086
1045017
720185
315363
615513
13251
1029225
942502
547736
963776
131952
106884
803802
465360
1126117
483520
719026
1111434
536982
204697
711445
102021
532178
210128
244347
1368310
1340889
241051
883326
611487
607519
406876
619914
1005356
684336
408527
122784
963921
1123350
1194603
1205586
787510
194236
54331
976677
460931
218497
50781
451324
728681
295252
1029339
686527
659570
652319
741871
259014
1161853
576932
1029090
154853
108814
534712
167805
396448
305434
952203
61192
287216
491063
1262711
1084906
724222
426153
682167
1318981
286950
1330895
724685
237507
146422
1016424
1251312
1066365
92813
1222362
139648
243725
243986
869196
623892
117496
1319825
1031916
1332295
459349
310259
22400
294413
158564
555857
130550
230541
120727
53008
558333
1205900
198676
602947
837707
618517
336872
510457
9967
859172
9317
782108
1060794
119692
199626
244495
848993
9744
199782
200016
165435
112738
626325
831741
798862
1276599
431337
675519
85767
296835
749252
32562
494009
476152
358901
1240247
503630
952789
525217
335942
177484
177447
618976
1146992
644500
153572
368928
755211
359468
342631
1176114
101245
257436
1285945
707564
51196
398387
411529
701052
1269571
1320849
778385
626793
349238
972009
988848
743080
388074
313083
768130
527599
73472
202444
880604
249264
627734
888672
1003823
133975
155826
1196930
408929
313938
167276
794348
840177
1198471
202828
1091324
1366514
203193
495425
408811
1031722
1242681
235721
808998
1046005
628832
745498
612825
168640
494505
143644
1032327
426567
971023
342303
1103726
176215
340702
854831
1159646
701141
867431
464237
773410
728796
688884
572223
839274
588623
750670
831374
1033090
996676
634825
1331235
728917
205560
205804
142289
216033
573876
1365371
32613
293705
1225581
406772
909948
905135
1302252
1121787
902208
1152657
63498
6621
729545
417616
858595
254263
764211
1051575
998468
1120064
648399
137007
868568
1252484
654308
640592
848989
729891
526061
100874
207775
625738
257339
1197291
18580
655713
150032
319294
748310
208631
130336
41248
46072
382231
730421
466830
983908
553399
1150324
932499
209360
878718
879982
703368
169407
249170
666376
119614
72057
843777
20001
465001
658985
1348688
1106771
457057
970165
457621
43468
871386
1051265
343240
731045
869410
652359
1138498
465867
567423
942753
375666
632243
423961
623612
721761
403680
1145774
801843
730660
560972
679163
1039047
813420
1024079
871193
129922
851045
522382
346117
852554
1034675
156170
434093
1128937
880047
963524
383252
1278958
135428
902954
447705
1197082
231182
305326
43555
368279
448046
284135
1001107
328074
586865
1198737
294763
889550
802724
587123
1167877
435573
129914
47241
619948
195557
524253
626328
121728
537002
341723
131778
272276
129586
997352
379326
533264
614159
626231
448360
214788
227938
215048
419235
408879
1090113
1053421
389625
707353
1035777
595166
913876
686915
788997
437806
506691
418512
972361
1273289
741269
1337380
611784
936567
349992
103493
331721
275706
727826
77390
437322
59761
621550
1036271
304661
251776
986995
1036317
437110
509333
872057
1205167
364862
351171
1286806
217119
490459
300737
554864
595713
217200
228883
277923
1078070
706493
561974
434877
321738
927186
659390
650592
391404
972625
108826
640778
636027
438086
528140
412984
895410
320112
652901
1356042
321890
236837
820670
763655
128288
700137
1097614
319799
219026
1368043
439933
1027614
354617
567228
533306
882965
416261
207096
929792
790303
735686
1174881
101360
1167638
601561
29105
853918
265518
220180
361826
567042
615755
1037537
474340
389828
186644
973706
568715
1158373
125888
90895
696238
713741
419355
545122
920681
674759
639244
464871
1261867
97401
605312
1324667
189696
354817
733671
640397
855393
638927
173913
222184
30757
389098
481886
731893
333339
372766
747646
222735
72449
526499
479020
1132049
357814
1286870
297763
1038384
676828
1087216
627168
737644
293767
1319204
455749
637610
930202
86644
442838
655181
1139212
566414
789248
426960
253930
974848
1105011
800853
165787
242497
1218375
275122
1203664
420007
128092
1065816
738434
385912
622875
1180034
925634
29656
1093410
1079526
167531
884322
495268
1245155
727619
222473
538262
707672
231720
728779
446053
15179
1240476
8662
981172
493450
32205
897931
1199251
297050
691306
731690
339095
81613
76987
317894
445326
70522
1316775
879614
1310324
799136
337024
531991
340698
5513
132413
144815
1032223
227079
1327080
603845
1175802
320044
205825
227178
801601
542508
739926
1086819
304722
227762
85502
1095773
574473
753710
689462
765898
988686
446175
505498
897938
246871
308786
220896
529582
619907
1081747
362489
514327
1001949
661905
721516
521495
728817
158574
906407
906404
334277
434512
1038336
905981
664105
786615
1234216
282045
575355
354618
757449
280998
480148
414513
265366
722800
204158
279871
24772
1276338
410649
361703
944153
40660
999652
1090215
310302
184958
407723
726073
1013130
273383
93009
849756
241326
975108
553847
879443
238929
186205
259471
777576
802985
718263
492084
362450
28792
812299
644155
30334
9315
86575
701642
223048
1154772
22096
937683
895846
343006
245711
1033364
660942
284786
680816
281335
668692
200606
842324
1073783
255862
793599
1302329
531131
183459
766815
173563
891819
495925
606608
89204
1134369
750737
466387
805697
46774
716579
209862
556684
1155036
1217454
1204378
485097
830701
501406
583221
880296
312526
1283038
572462
531724
3204
417150
829170
503380
230069
1043650
1264628
408533
403708
234271
672417
146429
929626
690043
158500
1111862
802168
464907
846139
1178093
612754
578873
1056379
406556
685816
950297
109930
117775
53079
451606
550844
534054
287875
363761
737276
604266
252939
364068
297344
611331
1202612
705929
589359
896519
464405
1267131
620629
674486
477941
1022739
994779
251502
833582
557007
412182
191245
401511
219520
1308720
1210884
459505
1105807
529615
364764
229045
194231
379503
138061
555770
771048
1169469
1077452
994069
7285
953850
964349
450860
129680
85733
1317317
324464
918360
944291
156535
353609
234563
26388
188193
647054
305345
709503
1156665
697683
400519
744948
252465
882877
264553
593073
916406
535940
1156453
557827
289728
175071
367658
428615
49464
198021
421491
77168
191454
45758
805854
455604
118164
1036619
1040243
832497
865946
156954
361996
44266
1029155
1223761
671134
380184
1036228
377486
430117
120752
458329
539417
554965
641535
1047052
828791
865811
871851
962591
701622
265220
222809
982016
861219
664994
537478
243703
462496
982188
175896
490712
1157209
163725
733580
733010
320507
404679
668602
28974
1132006
588741
106995
955683
755442
257632
292408
27659
1089927
607945
1211342
1101093
1335468
1106977
823826
1044121
25589
1088501
223677
1046234
808320
286832
29102
28965
897054
424151
83186
375755
488112
78763
1230269
923161
1335789
138767
804104
290501
203229
22208
669082
492670
461352
652751
396572
219464
30802
652832
1042337
782900
648649
234609
818191
692954
561563
327056
875887
85166
372345
369252
32119
1042575
493984
118500
333530
1058595
653481
558057
718648
523735
620736
794003
915015
963525
85641
346719
476402
170160
459126
576432
531942
601096
70130
137597
815324
817986
155062
541886
264958
1311472
337106
172122
450849
387049
72448
1082235
484763
179603
394835
1291708
379128
508846
451686
1208529
35295
903217
559741
920948
36813
237546
719779
86858
1030810
810655
990269
631122
859107
56785
935853
1255473
1278162
326300
1244312
264590
586829
464440
1078865
652401
221258
887022
386629
1361334
290491
571945
430751
38557
1068547
926089
303793
1310336
1275102
415966
643939
352126
738622
429330
550468
254954
517032
771054
297185
674055
344577
227255
1336498
133027
1076181
40053
263236
446980
289877
107395
1281894
1001762
164690
429528
1068092
40627
1119749
368152
1058874
41303
216342
328419
905326
223806
117000
1111099
644034
42097
858538
571046
1074652
1154884
448018
210680
466685
1095443
843470
530466
536107
985087
545187
356323
780660
335447
322698
1094542
657600
294220
299272
685402
43972
358292
118917
160307
657800
466297
269394
1307095
815323
435157
1309315
44776
252439
818242
134038
1334545
277741
421629
486693
638077
1005837
61785
1269948
56718
269525
852231
343179
652621
1298153
1199822
236483
45904
854240
91324
1285986
92835
452537
980406
383196
441755
907175
827987
950091
1367829
391411
768595
150632
188800
987263
1060550
361238
437198
994097
382696
315084
404386
177945
461656
240995
918197
276599
382318
1159514
659103
490365
232184
596605
1285661
622391
723781
436467
548719
49525
16725
876799
273019
446812
565591
123093
369283
179832
1031834
799259
50645
650391
147964
594452
106593
947746
139058
52555
276385
50878
625451
51205
262607
511346
51265
518376
853133
1129065
912910
11716
189883
201552
539701
344310
660720
624930
150135
936422
409315
1175761
811014
726321
237630
1119542
132208
825859
988513
550533
392078
1092740
294369
702096
606656
40757
102029
1232804
689524
436890
62158
181987
295202
323641
753135
734880
782516
208579
208015
1049845
643187
872650
177021
28051
724184
290777
661823
653139
55148
399671
930410
735903
742573
873227
55577
662087
325661
305619
57890
307951
662204
693304
28260
577986
579952
793123
278376
419335
327040
90433
695016
819721
803951
830482
822194
455712
552234
144086
231191
312204
559929
188451
785982
177211
1140569
336430
121497
438046
964910
1282452
853728
1095732
786156
821326
756831
976731
57897
1134361
72023
512474
663325
1056073
88772
59321
61898
906733
213173
407559
488441
527296
102040
379502
1005523
60713
295220
60556
200958
1162008
61047
390456
1252706
667025
1063260
43758
622242
741910
510518
1335944
1090387
734575
1211945
844972
854796
299142
29984
1164043
438240
730141
62912
419214
443932
414011
118852
1210319
496787
261416
759801
533976
564651
500061
472630
146430
818683
63575
1305462
172261
407178
839643
778300
63763
935165
1229640
717880
706250
504835
64413
1135796
1160539
163427
98607
862058
751447
191435
137357
64801
312293
419424
217443
1278029
1068534
449040
273357
918042
26453
1188518
66198
275280
415740
732565
355105
93867
254296
288665
418790
725909
214197
54346
402253
245575
173395
877063
837777
271633
740366
459957
67285
378366
433903
1166191
418276
240829
1331510
256602
1001660
1058563
380342
430189
138548
677996
927607
1007429
1031483
1352098
1179188
992409
412583
68724
628072
407689
1139092
90251
68770
834031
308026
242692
1311254
729459
1087745
1277310
541438
1029398
523064
903089
706542
69310
1306422
1332524
436433
1093448
543272
276047
326158
667746
843251
565762
776789
858591
974041
580664
826392
194874
661150
247824
384371
347029
499685
674485
251950
473123
512471
374456
183044
804931
8254
202270
572109
669033
197876
242937
23470
1206733
375706
392827
281791
1309066
709606
659929
565454
49883
559538
373975
402595
197664
440934
174522
668843
1108763
870868
247473
1117434
189882
181982
527844
243232
487425
1020224
272118
141499
73889
459194
73940
1250953
1223377
513145
637211
845212
423879
415283
751889
923995
204323
246130
151824
92794
78143
408750
833919
176685
466834
121784
514434
863425
1135509
318809
456941
757520
994392
92700
560442
387494
1053895
83594
150589
1115448
76655
670407
424871
76435
986948
516018
22818
46120
1266769
713651
881312
556218
839387
412057
507961
77465
192676
64819
1042642
809856
959725
414663
1259313
196894
671000
650429
823899
1167645
440416
462654
173061
1037265
137929
137917
364305
1124629
147423
439956
285753
551128
420666
628001
315576
664606
429264
189264
1169045
914893
80253
266825
927342
409328
672174
95453
79161
1038438
1287756
78954
672389
343553
81342
174984
403058
1118791
21906
538390
46585
81856
506975
927213
1130640
921800
81760
522338
366688
128239
437263
471179
1187937
82533
444166
324747
419615
147019
674106
288227
199532
557540
673287
333520
460800
900201
434938
638910
58038
253699
84016
20000
390825
175853
297117
213307
364714
219465
1340076
722953
661493
881066
418556
578628
808411
36662
780917
84993
333414
557004
1113236
844013
85499
192742
8639
297960
749312
202427
644340
422158
384525
674271
105371
210630
234048
674771
404486
582731
418927
757510
674985
667777
12410
928949
1198208
123174
174523
674325
87989
799281
23705
581874
814484
1190255
971019
271117
1025222
149055
1273247
1169806
184584
1247535
93340
250143
250585
431834
562396
873031
396454
412485
256348
262552
746297
675806
207484
764905
285364
972779
329771
57163
993342
486363
627019
620494
457651
676452
902545
443176
141228
1202285
221123
437496
696503
80068
52031
378614
609016
664383
677130
406370
1170344
93027
739798
508925
128170
523169
1311942
532595
940516
41090
328009
524451
1189211
432182
186780
527048
308983
664725
714563
1007493
272262
488063
769825
560654
83608
1162241
1065847
575872
779258
179721
970698
173060
432706
1165346
570781
95464
224687
216572
95396
525466
414163
95914
667932
1219607
988734
1016153
663944
765343
321551
453317
846125
525284
1152688
177497
748582
924742
990400
181377
1000048
571784
232206
570897
116335
526680
877288
316938
932348
258204
97237
547620
192984
210900
983068
829439
915144
693909
832511
494586
972381
87500
220563
870377
543122
584656
571260
450281
130954
901724
328794
1217189
1173271
163473
1105569
505839
1264035
98777
118224
615268
631720
821804
895736
486265
389603
1106207
99652
1013833
401574
744412
932655
688327
1015196
717879
354122
427909
165157
64155
849535
611529
638834
59080
569900
198945
847363
100909
203230
213771
104393
1179896
101046
767373
396827
1020800
371019
967216
496997
1281638
300158
919084
1270961
424700
684539
1024420
34660
57806
996110
1131150
267076
63926
171047
396368
396732
681624
681621
616390
460235
196438
117502
163265
1065516
1126292
547864
457274
359679
104149
578713
104099
135773
523294
1124848
994748
1281548
30263
706054
244040
879176
104883
126867
395957
336776
467845
105193
162599
1072837
17930
79177
399127
460180
111727
105622
58794
866035
58977
715598
751457
540895
878126
128649
1091169
645387
889198
336545
682295
292311
106734
658784
302304
989990
651178
461130
1174074
157830
812379
107481
683482
60096
1341478
574462
934933
334008
780279
547253
272930
936279
377115
276745
1194872
308768
666548
571597
1227484
445497
33641
163618
549539
161992
61489
202647
786474
1242464
595638
521329
1342898
254871
562188
1041051
126362
892787
578294
109557
405912
109841
415305
879841
331160
94262
1290748
16073
1205741
658984
342572
1100941
338427
248889
43554
1142448
1262458
616863
70709
1249072
398753
1100769
685056
54177
960371
162705
1191706
891202
564284
886981
1304371
430793
1344430
453522
564863
111997
112297
154932
112255
184828
514823
802271
144703
302309
1183427
1096555
456347
582690
685912
168856
113481
1048379
166525
292618
845805
727816
400510
1226438
711401
791460
760992
113939
565430
640833
608142
633659
994091
864149
459687
374878
460335
353452
1013696
891349
400860
350381
1283222
1185531
525919
167984
115566
714936
403797
374005
726270
222878
1028708
115843
557291
983209
687124
194666
189233
707200
1093461
687212
527132
116304
152449
441236
221259
1030725
323360
710068
1004551
284715
449536
116905
1189601
1140702
1349281
462755
609973
848941
146059
410718
394460
673315
46096
206929
663721
118331
267624
268910
910123
269834
821132
598643
506801
343308
688402
118931
1107793
753177
538484
582869
355724
1242151
1055394
19716
376703
706673
267049
1093752
163987
688650
549804
460809
1006687
348839
868702
1301903
120203
1089014
906815
909767
947862
1006845
799633
858582
761337
858023
1242888
251763
904846
856871
121415
1006312
268789
154365
106544
121460
504578
1293945
277115
651469
993662
778537
55930
701080
336966
247347
11622
455011
584815
1185382
819130
837601
726490
1014683
122533
542030
51909
519833
193091
564248
239103
890629
794861
277058
1307591
1170069
1120847
771500
159824
689772
122174
830304
690417
690572
123810
526039
417098
585616
902547
582491
186363
124223
582774
402976
571093
972885
103839
373586
436975
1214397
1027473
125048
13948
425822
236863
968964
352830
511103
1167615
106323
952564
129205
941495
1059408
691540
758375
643012
351038
415
34910
586632
188192
328920
17350
193432
137511
1006735
850173
649658
561690
306606
1807
124717
511399
477823
632383
127302
815148
82779
407960
1178398
298118
127674
365691
1226132
707132
343968
1209641
634725
514873
128572
532827
677167
1309376
593511
429241
1011141
352055
40163
629578
763057
464508
1184091
522744
386178
316824
679720
490634
198278
1070190
302145
961424
37644
291463
625418
17041
351233
88378
73061
697530
149912
465296
1117547
1246965
916219
925669
1100606
87827
912235
402716
263738
318034
465506
670543
472891
670546
507087
585518
684655
644407
318438
649507
431686
945643
318602
110843
869730
227430
172476
468697
545994
202861
2817
1186962
997273
369202
1307422
869807
708273
418458
34269
390952
461062
1215213
319594
452312
738670
333751
43665
1275989
1309034
229318
164838
926607
1362940
690326
670395
306967
186924
1148136
1066813
320423
142674
1235014
390214
1337886
174313
452393
168390
959269
458910
889802
614009
1037457
125782
911135
456223
743001
768624
255901
565381
479903
1066754
55661
644063
256038
1041241
302965
252775
647543
342979
1331227
1271792
1248957
490717
1126928
46127
1182747
1245947
132711
782328
414709
680163
322388
970581
241655
687847
1190967
443117
394220
177466
367699
379790
1151407
762266
816923
1076334
195342
225771
600804
798432
406419
43811
717134
1110468
253437
719717
1198642
74129
323357
309197
676601
111051
548299
903131
562750
895912
322001
173587
940665
1299101
323585
789210
972166
699057
319794
1041910
539717
610394
436673
549814
871817
130756
130141
3424
324449
403517
620179
46998
582742
467583
133353
818856
951751
240893
1094949
480149
325041
591980
789989
465174
231785
182683
1096212
736241
1173719
239911
474624
357376
685444
234268
486274
947130
318013
33603
136082
632831
545678
39862
869618
1020012
610627
53890
18235
28379
58890
824100
600610
246582
936156
131684
269290
731546
109362
1273152
618381
964845
119251
680737
727838
886065
248691
1311585
235037
590061
743142
738993
1147891
161138
664685
336696
919590
791621
890814
566866
417290
77803
360577
393393
943596
361343
732780
333013
826867
183730
204178
328375
516551
628082
328566
997805
552012
702270
584728
520065
1130790
512680
495098
319377
1095884
1107998
180411
638430
497497
269864
1114565
292222
568641
23253
552742
423848
874144
1147812
255649
748879
175739
179904
329472
631927
829497
874344
386748
723372
445765
641748
216248
820321
330646
86025
570456
883082
1054850
49169
330317
394380
395594
1327627
823583
1075223
494159
625973
703232
330518
9934
584571
1283560
580229
636049
37297
629706
804143
347184
201392
727589
331174
297703
697460
774314
514483
364299
793353
340526
275012
195404
137642
246471
793624
289311
1019233
506878
236506
883075
269397
554532
794053
424498
305130
431783
249107
518448
918777
204565
330118
793991
761304
909254
1157488
332884
432716
772857
596928
332997
49356
332196
922833
973262
1357786
926899
776152
412321
632251
134132
521514
185285
602042
640311
679880
1198540
867816
556138
587660
495007
1275048
333990
949063
264730
1098167
330996
1043960
214124
794964
702918
642340
150843
60814
679847
795031
942438
942474
212857
917169
556338
165632
795428
795271
233142
131761
1071355
335181
1318382
185888
632064
874786
181955
286647
768222
756527
650410
942926
240994
1086101
336108
1180311
412630
889761
559452
1234907
394111
1207359
1346712
480998
695433
482554
528433
500075
474168
405962
956881
1231352
461396
713151
1063892
1033558
1024221
286851
463299
49064
886703
878031
1005166
74531
796893
442907
624313
928720
454148
414098
747750
784118
679393
810098
280505
93147
87166
397256
299600
1201452
1207978
153552
1055916
212275
957467
463710
828750
453660
694364
874501
489720
400103
352439
950639
404714
340855
301102
957734
375600
33472
96030
221757
91595
898971
1189653
650347
988791
824717
756794
484033
340575
239394
221184
473170
528599
466848
514139
57626
408521
222849
752396
174083
99634
484810
484816
193625
770962
359451
647917
206657
1192632
619861
1108489
364241
341570
692646
109463
126458
89769
1316387
646472
786313
1005086
40839
484109
342068
180692
332493
548421
892641
22597
503180
110832
1149057
130757
228153
914750
282082
728613
343125
610354
1305947
343361
563282
1062002
786058
69903
268993
30608
1277675
1003774
464110
800398
919442
829419
241511
1073260
1052751
353883
113028
734890
466134
613483
1080485
344428
1098478
622101
738519
728996
486692
287341
1292090
586928
1306102
344761
302341
285028
964991
101144
675742
434579
265066
391204
581425
92868
892375
345431
619158
612497
892897
421493
472737
410418
621115
467221
120785
461807
346177
44494
256337
197565
238412
713152
1319550
988593
318661
63812
512466
607199
778534
124504
444540
545160
17653
1000072
1223661
815319
552010
855101
210017
55198
347378
946816
500395
1255424
1030892
279941
262293
411602
603981
922548
437754
51197
811137
376639
974505
826159
303688
531762
1038572
603193
953237
89458
953120
957536
223906
184688
631853
927766
663882
1105221
269897
350623
118487
638968
1036398
778055
118609
1332121
988415
262345
640788
690674
474245
86915
492000
383926
424347
886336
237545
495463
29659
1252729
151105
1064853
851395
1082654
209572
727192
289535
1082698
599020
652948
265834
1012961
595575
1089389
674378
884436
146332
351172
111449
308769
733426
79668
1010403
353431
966600
211648
964978
367815
945677
858147
603842
1344372
539604
151692
298117
912988
419588
602453
403327
1363162
903216
443174
853166
212412
4847
720024
539401
885054
1145877
485789
163307
368047
299607
954472
287696
587900
216799
477180
609871
1086958
611267
634628
353135
1251165
1068339
103502
550824
805504
1294923
308385
8473
773435
298166
1058724
784798
19929
769192
586713
139916
216002
1269535
701398
548033
185669
599499
1280433
108862
472871
143480
806002
732573
806109
1011092
512133
43882
531902
852613
1196151
284360
232332
3202
439284
793018
923671
314573
469358
467871
160776
556888
659643
295799
1081363
478962
545219
307999
355630
51614
1027953
355790
24786
356743
430211
993791
328949
807051
250722
1264015
781472
822085
496504
635545
18508
239717
515184
1224802
406581
356906
117448
750537
193997
118841
888089
216539
130019
173216
1154640
1249246
272651
1086719
139566
697116
574587
518491
1097404
625987
574401
103605
357927
1019716
234029
196632
521421
60276
754212
28956
587604
531030
460656
577089
110033
652866
657943
575409
784028
469731
816274
696016
1064754
993594
358894
1364184
365017
443024
527289
15859
1113942
713111
1220902
575054
1003920
1228242
76021
590747
279277
1150099
653368
1027844
705707
1046014
788919
85149
499329
975941
966816
592833
952455
613580
565476
377720
409258
308950
560164
490971
137329
107282
300513
521401
487016
528151
1029730
363664
1267357
522000
300564
867744
946991
263925
34106
809587
557270
282410
1352474
977268
30429
501200
51356
561980
605247
39359
825923
537075
590932
56711
809993
236142
935623
520602
1165704
953857
16862
888031
84367
174615
579279
614820
326306
386265
1032962
1049029
422548
109867
265565
1912
335653
944946
287501
765361
36617
949691
528938
945750
1042090
810609
539361
1141882
543687
527167
405453
523836
1139696
1226237
817873
823201
1114410
811592
544960
332155
304049
508658
17830
1186693
332033
425027
860033
112688
811444
356152
1353265
359927
43175
285329
1248580
407980
1166391
1087801
782902
720643
397354
645614
607005
1042766
955396
322286
1146501
1220493
177637
806040
517494
766837
811846
792711
468230
309283
1002001
954967
1021638
253382
1038473
303072
227798
1253350
122037
13448
964900
751954
366880
1018323
604676
822708
391137
365864
351841
625637
860737
365760
857284
12085
154557
56755
156665
1143495
879647
599258
366829
154481
1068926
1267941
204641
812964
249438
105566
645168
506193
332083
744191
584534
153696
1089059
299310
581596
813312
622110
515268
705966
65289
1018779
693633
90555
184689
213246
155984
798930
1096638
855114
23281
1214647
696866
813791
156664
730100
108608
64588
1364170
881593
520690
368877
50528
160298
465494
683432
512331
324633
634606
507933
974424
1136418
1358798
626661
304492
768977
594152
1187735
167003
410463
593932
369498
1098028
984972
1089723
1162935
243317
893671
613676
287849
156012
1090051
971963
615231
560339
37314
296884
780408
522584
960688
1010616
370422
276046
703534
369870
999627
295891
625645
730847
635201
893775
494191
1194331
1079129
41174
598494
621627
464906
921639
435469
953775
678765
1349878
65787
798904
329447
390869
585656
448216
880548
815522
429797
754031
123770
364466
39509
312866
571561
390163
310205
842175
119810
957907
505020
951235
742505
183417
334101
297895
266826
833019
244289
132827
728860
372548
57778
427252
222742
195316
267827
892514
91943
941508
654519
98418
43791
319456
1294805
158264
417352
941212
322244
753122
816519
526223
243341
380614
1067092
695943
373972
495628
582321
162877
928898
10400
1097475
144037
1160773
216456
166853
904212
512182
193842
576778
1014903
860584
464318
321891
374469
511298
481673
834269
1274570
1190264
896310
705276
162373
294389
1252603
602573
217112
810013
1060276
238821
1202755
166313
529886
1224576
559713
370879
216249
733564
685211
192864
285340
953218
874435
586535
247654
1056907
841489
1188503
1033559
818095
625698
255352
786406
181341
925262
730629
1092467
582804
556499
645937
504400
1092524
191067
1092609
637427
942482
1348016
438782
956712
154380
299273
818754
23898
505219
1084557
998179
590280
797306
310740
38953
349616
590321
799865
644673
189719
689953
570023
612583
473747
917349
685642
1286968
119184
1207861
144540
476263
711806
603289
126880
638370
1327508
1048016
386992
290493
716455
959450
760779
13396
260517
398762
1250872
814088
1310265
378607
307952
636229
76786
164035
589475
515895
656276
22161
332728
837993
254235
485823
819728
787289
323757
388411
948722
640609
379476
806190
633407
440397
778604
239457
180634
1018316
1008761
279758
509123
766245
592173
184661
596601
441955
304803
775336
1256528
250586
630124
592706
917884
516024
478425
478437
634665
820559
380759
785743
404231
993212
804205
563682
355076
518057
955448
226537
1009783
1082693
541276
569414
849208
358099
767299
1068197
1033665
75930
222981
1333874
494693
738199
1013697
541115
548959
494486
155372
1317817
756034
1016030
308890
643799
1225116
627127
535841
678441
296898
451242
78720
568495
1325186
759337
615319
114481
841158
841536
867894
695275
22341
313058
989914
385372
662583
765726
169735
328402
101216
706166
822316
245629
850569
863755
366489
1230389
108010
772110
1200490
509349
719917
407057
392433
1304472
301455
823159
325513
680766
971181
332248
384512
183763
620143
597394
948456
1057963
104344
458480
86787
90030
1001555
708294
371071
87057
652675
116328
631487
1078861
601723
499934
948056
766447
857235
983042
1164745
1060414
98524
362503
1092737
118073
1096140
194224
400138
470251
47811
308893
340836
577526
1010351
493523
486041
180823
340804
530188
249629
130388
748782
1198275
604267
522510
211647
1131798
591392
1368686
310136
968770
1331356
40027
78789
493771
758569
925396
1022345
515763
400637
759548
636210
907832
974239
156232
782988
34698
1289876
763875
698652
352620
859752
29056
524545
599434
337023
505338
1137969
441227
809794
671380
1269239
814500
61415
16353
825494
389544
33169
272843
1287486
523960
1190564
1324155
707552
1230120
389782
678017
278350
1168737
658245
613894
178053
904478
334311
390379
825937
901018
831244
380076
165595
796397
564213
457659
268078
1239712
533531
495032
74410
482627
1312038
169038
1183788
273175
546226
781265
193671
272916
546776
806920
193731
526777
277463
48605
761678
826654
874468
826636
677951
241983
89347
116213
166832
1291119
1070163
327006
137690
1167617
1203585
55461
968876
685693
211164
98927
909078
206361
330590
85801
436050
383988
402275
1276933
283862
343502
548801
826213
510484
110949
393081
1009016
1073027
340278
1073355
917607
824960
323640
230813
83143
741395
352735
278074
11126
582091
194347
230562
873892
255533
1077758
226080
165889
247395
571903
565098
550704
119655
225284
391062
678471
1304870
588382
20397
254648
951787
483799
656245
657420
223210
547410
653646
265937
132578
154821
575720
915038
299843
606583
898325
639304
402115
741971
1290720
667499
669641
403016
540770
742079
1066632
761160
393411
133337
182208
793414
556783
305
954618
997839
719404
686603
232662
155294
5624
1290189
488638
109263
830151
561688
933592
742765
422596
1167102
1345365
886182
670792
594772
411038
233448
845592
1101117
234023
138503
172293
770031
1008149
321518
961791
234330
234353
347637
362718
332761
1332086
830752
405777
1154197
390557
781861
935987
116419
839090
1099758
535941
974064
235210
743876
1084478
605160
982848
511841
348656
563988
735755
98020
235951
461765
17770
539369
634179
1048892
336925
1047942
863715
802225
550321
576652
564274
9807
425533
306886
720915
54650
343209
225037
882665
60312
57503
410941
1334297
620925
469393
140757
216184
690445
458528
604341
400693
238731
1313769
402161
238223
363899
969572
724975
1105005
1187713
238890
363976
518688
253860
43865
345687
553086
1289696
123829
741933
239891
1357908
138729
153358
910236
315550
513457
900128
488273
50147
1144871
625626
61880
240947
660902
887603
581238
1099735
118840
240996
957279
30609
366790
347162
1307493
421135
811231
1106647
465608
710551
143782
414254
152088
483311
503605
51274
536285
766275
1119364
391446
1309096
450715
727206
401008
540315
422766
914983
308734
732859
361221
277922
382721
354109
581174
748832
1274482
1168541
167604
436415
242766
487491
432173
183064
243136
1099817
1246813
1162376
94434
960335
243240
273740
624804
705162
1107013
602412
1171911
502367
410654
243775
652324
898172
583702
1053436
382020
243965
124237
672231
506837
1055333
566613
1315306
244276
33139
1337369
632281
997075
937704
408285
399246
714193
574274
1336138
329257
597062
322376
268395
611261
745121
795572
1295963
22385
622740
1019740
687456
531529
1259719
1015544
1045968
1027535
544675
612234
544604
1046118
913554
202206
142098
391125
626737
359391
527528
133663
1252898
528635
479031
615605
766247
208225
281462
543671
358900
750180
478860
1239030
626842
92362
420359
132771
494299
405162
727258
750232
1195668
33471
247957
936094
1046530
908002
62224
291373
760258
1350099
248426
756353
904235
1099177
1320387
796036
139844
134516
1191743
22598
650074
249033
1297850
319168
528213
1047299
249132
439405
411166
805986
48472
1231964
249753
580829
178688
426795
1150659
386317
55662
1157643
669260
1242523
324645
394643
939991
1122230
615025
1047291
882935
535951
511824
308815
367299
814962
91781
99307
333792
138023
622502
410544
414388
59742
368744
1288429
507191
528132
529753
1169139
709570
266110
959391
488891
711138
525306
427645
588114
122017
178376
556616
706164
142964
587872
1047855
1081622
531106
587662
880012
938098
587701
252651
968527
212561
334215
1022370
922366
1252765
1341318
252959
361663
816349
261958
1362835
1017870
328447
568613
707080
1179173
1296857
688319
613322
1158140
1231613
333137
667741
207123
650874
108009
575356
180267
601103
753344
253956
722988
444220
540163
540096
720982
1051672
1169561
89277
815665
876633
132271
104732
414700
946939
967888
367005
1286557
958227
619626
171985
584170
22825
1209194
215028
764037
727325
935313
1318080
238927
89924
1110766
589389
255849
595150
290673
1255057
127296
273198
220763
988552
231700
1264040
790626
335456
575632
1107787
589756
171131
555901
858128
134241
563413
84102
325019
440266
1021906
490395
409484
578082
650731
509567
771010
126147
177788
459522
560111
212567
425979
214317
166798
1049737
248862
872004
1187619
322063
824671
615007
136539
694009
118186
556689
854767
809395
86254
857813
1049916
927569
694458
225239
592432
386174
841566
732737
818760
306450
669568
733645
510066
630139
495087
926411
592693
553907
795685
841356
379830
209568
387019
767186
808831
259800
1026750
552873
314062
503588
37116
583590
165538
1164239
903247
412297
642859
299325
820776
418639
1094872
405849
34357
1120222
142097
324846
1050874
63813
261289
539136
303633
806212
261423
566752
328382
713030
168550
769304
936721
3552
1166223
699840
564239
820059
415677
1364097
226629
197822
880048
610150
1335075
564684
264359
704527
315235
262498
509423
116510
58820
226589
2316
753361
386183
887825
948916
676495
740709
138022
1203771
78031
1061993
918686
1256880
979614
554496
186200
918760
1162128
546030
1108491
551317
730666
155053
782545
336117
90755
661966
263941
325690
700619
261601
542682
1016237
572308
596301
1109824
486735
555159
702127
470606
117647
919170
36098
733190
482548
751362
454586
881424
947702
255995
788405
542357
364411
428264
821241
248028
991952
500443
428079
573169
391272
14020
486040
201764
467634
948293
106122
751680
281717
547334
958559
1036165
346316
793301
340530
668695
424251
206757
393657
834487
884467
591588
359167
547727
554698
574839
329405
938001
393808
343584
169926
852882
922332
1364796
398253
894267
571482
929920
577157
336429
967519
915671
792253
62015
468273
127228
760063
267694
1228852
566224
316514
294427
444499
304721
572601
1063243
705766
16224
929955
124159
94646
642103
379783
1291971
98659
737594
70588
1065777
846042
555428
497916
425661
128153
344386
230984
733028
931262
379029
177186
426025
239909
132333
160305
426718
677704
813997
874943
677126
1123684
113389
105393
140472
599642
573996
792211
198833
936861
222038
249193
553846
1023661
773975
1324075
584423
504986
958441
753193
975034
826235
271157
427822
543233
386513
392996
798499
673122
993611
1166579
796256
234715
398530
1346307
271942
915556
76160
1369790
774085
1064566
290238
344278
617976
48869
708890
547558
447296
75431
1064835
863762
698836
215033
239002
20286
493700
186635
242138
766636
1019580
547102
143326
44775
394176
134517
594479
271541
182439
174846
628381
1054911
1003845
769235
792673
664806
273404
435096
308381
287606
511301
1334649
932138
1335638
647392
104894
272033
275404
763576
1148091
796832
430471
101008
1112748
435487
763894
175198
317079
629241
737244
991590
498487
1197538
9245
793387
1271124
764228
766550
360500
94523
1227540
740179
275780
272743
295026
295033
497162
275918
747317
276233
118772
517769
105773
19181
692063
764738
1166603
646212
277383
29055
1258324
1094681
306035
572470
530028
276998
641158
644689
765067
441041
992879
12266
530344
389105
354320
13198
178228
372942
842816
278135
570472
285049
278306
654762
1160389
1223677
506387
572454
258377
931829
932208
14615
777073
980232
600777
278910
242549
242405
206862
1155679
320022
1231251
395129
13395
378575
1056899
346398
326069
264613
136747
391975
894268
819601
151502
289194
123771
44538
169869
433363
363801
914344
805214
51615
950495
344799
968226
705107
293853
766543
1254078
1316301
767480
946185
343205
197671
328108
38221
322988
766721
480991
23432
924509
789612
1212152
776283
772966
352146
93203
672904
549031
435055
674484
767367
428732
390489
390013
569363
331032
653742
1112004
282399
57779
1021344
272660
668726
113353
583576
758338
477321
74085
722903
387257
263313
501244
634155
1070382
382106
549370
260427
359533
691828
129844
816594
596857
168682
492778
903125
284007
283928
752089
1223804
283361
385054
215782
284093
235562
388022
490127
437844
740732
182381
612534
627169
104088
1289051
923261
399587
200950
1208035
108943
821928
713570
1219291
478038
438199
382040
865038
777127
476565
635685
928038
692770
76575
1115124
8042
978948
597037
548124
39588
225038
919295
1253066
6072
1174999
551936
787958
286966
719755
781663
131183
884955
1228338
1059654
1072652
287735
813817
1079208
39714
328153
370085
1211902
771510
765381
379532
48525
531491
629851
230324
817765
1257291
804565
345083
348393
447379
401222
133878
1257472
457799
752877
1292003
21167
509157
562876
900160
552796
803364
552794
87760
552733
451736
535400
924682
230392
771160
793614
520429
456429
1057124
924622
1201226
906216
376718
31949
753697
955302
855072
1141092
541488
99344
218719
1344399
329679
383167
287828
491954
731814
314845
1018284
1231452
315987
712217
803868
1077663
813521
331161
442592
771980
1133131
273528
238747
436281
530277
320306
35149
243678
340695
148795
350895
268489
201023
291532
477550
533686
699522
236498
224698
888172
558980
648134
90195
38960
623216
599397
250046
721700
620654
171060
292181
803405
292084
829810
753558
855203
475746
157112
1150613
556877
555197
1199683
598735
514462
988034
640015
1142447
746058
269549
553511
50423
445169
433441
1287630
375827
456691
579619
373645
594112
48371
641058
92867
856963
333156
270790
993314
963294
48645
557871
1061948
339708
640855
208226
392523
1306643
159380
225463
588342
784022
613488
446577
137744
723971
720277
532739
8942
773446
642085
388332
366784
422922
833015
819917
96604
1174186
313734
181606
642334
114384
143147
233464
925551
568593
325083
597120
517005
107041
436858
121000
1321042
488553
314795
754195
206693
676817
1084333
514858
603373
1126700
586490
541031
388415
558341
296775
569351
226534
1075023
117098
157899
855382
1063210
329248
1061053
552868
1156288
739931
278696
724965
599695
201314
1174089
249383
80715
441605
305713
1235520
137549
1017203
220335
38859
47613
767724
184423
702486
941825
375059
841766
362483
247421
584428
144173
382694
531475
941704
393509
600926
1280505
552237
752956
497179
1125062
833217
584725
1191525
1350230
643337
1006032
22623
116925
297526
331116
727524
443726
635707
1283606
81329
96446
450869
580480
1064135
712756
366040
566232
319561
66456
446993
408549
141023
530273
585844
1362153
513147
171735
143262
1296050
1034522
301345
1037875
926564
777169
809104
1308259
41872
939565
434616
535297
360951
1146429
445323
146985
1006826
249772
200842
986073
1202652
1211273
216259
186541
429195
32122
302242
332024
33344
268492
939356
770490
993710
1233008
861836
123837
1234896
1133863
251777
452473
32698
1045576
674513
1116249
303209
686742
1320995
1164768
32774
34086
56557
1245412
303819
485173
43897
15858
132043
298149
762103
453628
38120
304468
801257
779077
601919
533049
1321235
738425
128478
533836
458095
304944
305221
536614
215868
1127345
176196
447109
753402
217561
63985
982474
930027
249093
305237
428911
172256
270552
730424
750562
293932
1057314
555279
706561
534062
909610
544732
305921
383000
821591
631760
706220
1052785
642100
623005
539427
1050856
553726
492346
420011
174583
306667
197113
496753
720154
1174894
255094
461912
936812
713261
455576
325576
240087
590248
895880
600424
1066612
588258
556585
523047
7653
1039726
119886
455691
359493
1179941
48604
176051
969285
708363
307609
307124
1123486
433433
411550
1303349
729256
891215
447455
831210
3681
830310
409311
773101
372004
666610
109631
1162544
344086
1057312
469604
445965
863989
772694
669053
1124092
210933
765928
172483
1007462
624750
473732
935511
921357
1257114
666148
375284
802691
781332
309030
641075
781495
83899
281712
17131
880144
795796
426222
285473
781521
632214
269801
781756
431115
1268574
872045
789013
1277670
224883
135820
477025
472657
156894
651309
528386
174740
1095897
517771
1067858
138684
884460
502863
660905
837787
140362
187087
244692
1030521
921809
1274905
344561
782442
1122118
370654
1238964
504611
635887
1012405
663776
1019758
301846
782658
680235
966321
609422
778699
522660
615620
311926
1097443
128660
1101412
459494
474865
1117067
958401
926248
421492
517431
446375
148334
335934
406396
595797
809195
806118
29403
441970
489719
1148227
1257314
1192683
267660
505490
310569
990983
647971
966871
248782
860415
370759
68163
554898
866401
757478
203621
121978
317722
1328753
1160192
783842
584409
161898
423656
434295
254288
876046
919508
314154
416201
386445
425978
314345
826327
338078
1205983
805185
477274
1143527
342375
1269864
554645
867981
1126368
525139
575689
47810
1186840
659172
19194
959365
270395
767581
436339
574512
384356
378406
241033
294014
202831
1075859
316028
644971
504594
1260554
868071
759032
370229
1031727
868112
819411
65371
161087
98003
78181
553161
925358
1000320
414514
915126
1211339
105437
177706
785173
486728
312522
592122
1166307
1033339
35999
606948
1285551
1070826
1188954
566527
408245
1134032
711966
465123
336465
520021
148855
474779
28291
729899
504945
465728
17155
1051491
1048497
203746
1158067
311983
185709
1228769
433589
859254
211095
560193
1065877
1070882
497891
269912
273915
496514
657107
346331
232864
142611
938750
415193
760634
1121828
1303355
81297
8470
336650
611668
1290307
444891
870203
670707
1150667
608907
1100544
467368
480461
1144107
921774
533440
901174
1222693
700335
437902
772284
339896
1170048
995723
844216
964628
398135
73484
674204
478559
47578
192316
47706
190373
880795
571824
1005062
468305
262064
158818
61193
354023
435243
468647
558213
4092
256141
546817
905864
125754
834321
481293
469143
1257521
147402
49691
99127
1296982
210121
788679
212576
506224
414910
477191
491277
503033
334224
459210
267149
1021210
414614
789788
722813
281003
1228724
1313927
414221
51961
872159
1124077
240206
1314002
502231
661699
459638
500857
267230
290292
668510
425887
447070
560667
53977
610892
542520
534203
661336
421463
184346
872800
400476
895118
1095813
790245
149189
943663
649720
123612
1249249
468403
121603
138385
872999
56521
662537
472251
1049444
334515
597741
284043
593281
724183
1008339
809876
1129953
638268
194022
642096
472626
1136070
726226
1133567
511351
901342
657388
1073822
23471
618110
1140454
27570
1245845
341057
436574
314373
873598
817215
258924
163983
160670
348153
704086
421031
248582
566992
885958
1227806
192143
628392
814572
534488
797165
550718
153981
232032
246174
1283594
833004
474024
90163
1059866
386983
338213
354321
557350
26089
926202
288391
1057536
769826
474194
820149
435169
60078
60142
234447
759452
842564
348898
1226737
1304529
702606
997439
329210
872426
696614
837537
62562
313364
174496
664283
966988
1026999
969128
888757
966282
962370
475842
571733
330391
554192
503186
148
610546
520649
220723
632596
922063
263165
412291
979801
313090
201072
359848
476317
695521
823214
329829
300164
1002549
1206185
204612
263711
1122187
664935
1304370
398420
1231364
363845
560710
724502
730416
223780
125369
134253
339040
945079
666012
1002456
604811
510527
1101181
472629
1042494
620876
635776
1058377
853583
223200
665627
333136
436510
842237
1158570
346763
1058962
684922
565386
235474
495782
131431
524863
1155620
248502
739869
1118601
523265
906940
321297
111231
582274
666676
1056870
628734
352145
803657
1119448
113606
423478
1132628
871215
658709
601885
1028828
807129
535496
479018
248257
1035355
268399
949195
1137462
1194245
1248292
466838
1175219
183462
877268
176171
848487
1085015
796028
723736
639503
525755
428645
354778
141956
985711
590267
721250
1055136
514537
441386
941206
2613
816679
637907
818529
225471
919877
322662
719701
480719
994687
713606
746542
1317226
314839
831265
797368
349285
1075245
589361
905975
1352993
50246
180287
198670
171156
266099
434937
497502
834624
248334
123148
308386
335080
428748
844832
879044
342192
557661
386320
23886
165356
483569
534836
880024
482584
1007942
163298
482726
840219
574436
94067
783480
879483
973101
719571
695263
201397
483209
313951
771817
1041742
394963
483326
1199048
718696
469092
147981
250360
610079
802101
581460
624450
572289
1211170
367321
708119
890394
186894
38617
117560
556282
721196
9685
916111
315949
483995
581954
1074366
132915
799265
1187731
646077
98159
596711
170930
458551
788478
945589
234030
484520
104689
484653
190056
798967
97409
844017
458187
163446
450232
838068
203827
1041110
704889
159743
627039
1044199
199527
1078434
18029
881073
580281
3876
377412
733473
631653
785199
415071
190455
485114
501713
486160
489842
393272
400463
17636
642032
291561
165355
17899
722394
288684
700381
17994
881407
685926
76142
1041182
672594
17168
141083
1274971
172242
914364
1045740
395347
694853
304500
1123664
685801
794795
629420
707032
1030653
1082240
400390
743314
991231
1205779
1235145
1009987
487612
175566
693993
122006
218460
201476
385867
712205
500783
834462
1337242
556245
64800
648914
605557
457696
742759
648301
115594
1310456
238858
1362708
709402
1148503
882693
90833
163746
897811
396908
340527
441911
239391
489215
24851
330000
802752
396689
402528
546409
311161
305556
1077250
147424
488745
193472
870290
506455
294479
984886
538625
455391
734651
489936
341454
167823
372499
767193
194313
338079
1133527
490273
1319969
707910
326431
889601
677344
598870
772924
836464
490682
1244528
383871
447433
1349630
820514
490838
490843
717617
199147
510287
356257
1147297
500300
916157
633598
884226
1035400
491395
1137810
884295
477339
28673
800108
1037406
1036535
261895
206095
492059
167585
323256
492154
935557
664083
727009
193409
651638
1190702
296860
401878
434016
984315
510278
179999
621710
463270
726581
615824
804761
30955
411
270988
502036
26287
400677
447621
492848
37648
273853
1129263
294502
338908
605501
201408
1171679
379325
299854
194693
461513
449415
493726
199444
122785
604727
1284013
1152929
709536
1207870
819036
1138864
988234
111883
15394
94853
848900
358236
1242168
294706
514492
663019
229818
687881
155599
695129
167584
624627
505804
1264196
155886
152014
1027064
363315
93026
1077488
386492
521884
56230
888376
734698
494877
1352908
624134
542123
396318
1107389
886373
705386
340232
599448
1054027
1276823
525491
572469
702753
711768
226266
971915
1092470
1058391
808397
495924
512202
1260063
1142566
886874
4431
603364
24348
679622
638957
380019
387181
1329008
1042708
43670
1175606
357591
978879
485773
607270
559874
522194
853975
916193
91907
983915
279771
726833
628045
303548
416707
198175
373166
770053
497270
1114960
466127
927568
351752
1120702
103440
107775
329706
976881
278511
223317
387688
521028
538828
45479
1199852
501488
888173
803839
102515
851603
995801
1002010
817455
409005
426357
356195
370559
375404
163126
1062462
528374
788838
384998
104388
977380
243640
481336
881220
131209
533558
962561
609042
187563
422809
1120487
252387
170537
586462
1170348
805536
683317
304849
499767
681145
995132
160014
527118
106559
257232
764668
592208
598126
925029
711695
559661
957220
1060236
691678
704241
613416
566436
1226903
674760
457987
924812
227219
500964
508422
406158
421938
383333
108591
281163
789437
508648
149704
541484
218990
1204827
670083
567615
639024
512003
93555
282491
941572
798399
684781
739237
1172697
163160
809027
1352139
214264
479775
1239496
1201262
362493
272051
910940
109947
1022756
167215
1084950
308884
1038500
522668
519399
1197032
1141711
1093666
535431
778045
18175
930956
502817
767855
581692
357776
1254592
112618
1015171
550002
351116
890947
700227
198282
75892
344855
467755
318269
841879
1359107
763189
1337603
111660
1327137
891750
421030
1142722
390905
338095
231706
1113914
1020085
276346
300962
310206
34763
897562
764463
883049
549917
170733
354011
457941
1136803
910945
590293
527632
1344154
113286
125216
1324410
350307
712119
378161
1143082
413952
371971
550110
831960
30356
472307
348954
593438
798062
892100
235561
812713
687130
1005494
799546
61138
191209
581351
977135
1206593
271406
45261
506429
1049881
73609
629171
71759
505170
798779
540369
778009
690605
303953
755057
252886
552640
234768
289762
505518
848503
488734
240271
628077
24727
861014
192604
597048
1078785
935241
711112
1088758
148997
107402
499924
41522
172938
187196
1220137
1326510
128867
762715
314161
704774
257701
1292406
1290519
146052
291966
35542
1102897
575465
914297
767198
211183
888061
898785
813696
383161
688290
1149312
898310
1024677
996334
387866
766579
129101
845623
142655
412486
198588
526275
129474
570978
507781
223369
184254
1108921
795924
189232
1201308
894190
120479
1191815
704196
430188
678905
418662
279266
215007
310997
592931
184187
1033634
885520
28303
508934
1078014
894683
1152769
541342
23911
177122
154495
325614
1001633
1151390
1301835
829626
577692
931067
714284
384156
1208053
248828
946385
36437
879867
227779
639429
812567
222518
205535
1272375
1320071
456590
664715
174722
502321
170433
582979
571135
1051524
1137606
597626
1173229
372028
902021
858932
920377
668120
548125
748594
853098
498478
450429
1165376
701825
510855
180722
951917
195091
450118
923405
154719
1354753
121631
692896
47870
905249
409712
798035
411673
949353
462929
1102047
717564
1302616
379321
598834
481009
886624
321036
851384
637316
42334
532554
1132832
130798
719561
228812
190372
446986
1301816
736404
531348
451704
884896
897008
368308
1029929
109138
1291060
976846
881453
508697
1017712
308292
727278
838953
817677
14443
503927
93444
693002
24631
495267
721243
832414
414857
669477
227368
746259
96557
377146
475033
327323
154075
773835
736028
583453
455294
376398
496807
454605
854908
475477
50304
718316
693221
101198
869348
225655
608195
321519
308739
993626
1247053
969190
995176
193667
1054535
231247
206598
488383
294655
514461
361391
274583
934896
1070651
860939
1326252
514826
398915
1327670
988615
542764
515194
1272328
94011
417440
879477
483437
280497
511704
464498
1147834
581371
544581
128664
887295
117066
168123
22117
929431
77402
547578
412999
734779
967401
897219
738769
362302
515875
174693
466762
293144
631562
1032891
227996
473927
48481
51641
195251
680803
671741
465361
361618
193546
543717
774918
358327
586557
925894
917564
441146
139541
1311927
266251
189243
517021
417259
1027981
1087107
464783
781331
50269
444997
911725
42733
123683
790340
151401
277284
174204
767649
556586
580569
748043
150089
345008
254079
93140
1296758
80345
271351
517892
832271
201147
949329
534991
714802
367814
192762
1284894
114884
761239
886224
1292407
83368
673202
1021581
547783
470416
424676
463265
103074
672980
369358
1060665
518964
790961
1149730
521057
351672
434513
62449
1168481
165504
206238
92812
689640
242223
1163894
472080
846155
462494
208334
140142
178703
829108
897683
473874
519703
852068
446811
176067
41228
1151372
510738
727941
497444
823095
481887
1119371
517753
10042
321851
121054
976698
904451
1141370
738953
293483
475880
604519
674713
951894
1335504
384777
403317
500303
262843
359147
1073480
615086
699063
1021794
774005
814365
844706
709504
898536
1155558
760968
637853
478079
1191916
612004
1013528
320909
491346
1120078
841926
978706
1298544
470524
251037
1117063
1157847
931743
819016
1150687
411612
945483
424616
936019
173088
1330058
299701
966745
356344
356506
668577
189135
400907
494180
1359541
1069052
148660
625568
170820
481231
713700
812672
83689
1119621
260335
402594
333090
494333
820260
933854
448812
664351
523220
721749
693665
677276
569380
874767
1013466
172888
777205
919027
369952
351486
259476
558199
9363
377382
678233
889103
830517
1212463
369249
578709
223269
1330666
867176
560858
1044021
1220364
661426
916970
322398
1036176
1279726
875627
401636
861331
254896
524585
93326
1015663
188649
324080
1300604
72510
703014
379187
61204
150232
811526
1229512
210207
826185
216446
1114339
66173
464238
1197928
599870
83811
380936
701795
901380
402128
686645
153205
1187408
425507
122310
740739
647158
519260
381232
386198
846973
888195
194118
239371
802474
1315084
768250
905093
287577
547472
1158628
612572
941559
944047
203745
765652
378055
1096610
262350
10565
1074027
616845
961558
498254
333864
453663
1145472
527293
295634
99430
266171
499096
1098533
943086
238544
210873
1106
239033
371863
229436
1168593
238299
705052
394135
2063
598310
155919
1208643
499453
740710
122295
904194
833220
789242
931331
432449
1085917
1068740
129587
143439
192675
315348
602365
158075
618424
654548
97976
352635
286808
379915
129507
37647
785755
735893
451876
743998
462764
652120
98848
682498
468298
912422
37498
53291
306033
101776
33255
230505
1001403
25551
418127
682836
416118
25617
725405
510074
367066
650181
36590
47645
344575
257404
307236
1367112
829423
706700
55241
913575
741920
855344
412726
88435
829745
706512
514433
1293611
1046637
679072
86404
330764
160880
1205296
1163112
410977
831471
1149934
439504
90252
96015
163388
475689
69151
138096
105860
244704
508743
983738
189449
558698
621774
615213
319933
453538
737251
1119470
360663
843377
235512
808874
730199
1025967
747444
334461
421675
464082
453991
127212
745237
361995
104481
5856
163387
529911
73578
469878
605105
609279
1101373
831662
867636
593947
937910
671424
425332
1026390
481892
831184
22480
273527
457429
510616
831261
398511
115625
546833
122826
673066
219094
633238
742712
1293085
285792
160978
1101189
683177
357894
235994
399988
216448
744158
651985
702167
506721
108976
291220
1119555
444503
38065
219885
452445
349061
782954
1016673
969506
61618
339875
1157500
1294696
308499
607076
586331
719391
114945
286856
1079598
614479
344710
220876
984538
401126
336298
401086
22604
1210631
239784
859393
600657
1101929
336962
1166488
884051
401717
389535
951306
135496
553141
625503
347275
402530
656554
107403
632956
1021300
877076
985554
722994
737887
558198
991130
116970
980774
711486
1171826
403051
549084
64818
168621
342345
168766
548219
118140
85384
159253
150031
507473
685187
930850
1053405
338728
273095
1029285
858226
1189679
681634
749671
1138852
1174445
971349
696112
338542
222415
619162
376236
83812
115152
711965
272733
320845
1044426
423388
472440
169829
644438
786783
84071
878098
776598
535266
385983
1060445
481476
490426
574586
198541
980662
5067
757062
203426
435784
1294679
405198
207054
119248
341603
108721
1258316
322630
794702
172179
841307
971689
725056
169928
501471
1216559
1294860
1172843
171697
440337
243508
1095370
1296466
1040249
363085
19715
1006473
1045567
296346
940675
267625
886657
492449
206708
683404
168019
173879
470819
135978
267112
889648
642774
82989
27743
690686
214522
866580
986227
957120
667297
741067
434595
817260
487702
1097184
644222
469563
590510
690509
6798
351144
668879
247649
775711
576924
325118
808821
125579
499628
105184
221445
863614
676345
1252733
216752
860649
1104510
437425
984963
97270
490399
795811
392783
1274348
197364
918472
487225
978504
52522
445873
481270
173828
87402
1111360
982041
214616
408966
860544
251572
498408
208560
1188075
475098
725170
622111
1104960
747939
343079
207032
387898
751318
565232
678504
336707
83690
751212
400704
173379
1262526
374799
457188
642968
106994
837185
347427
99733
641225
21082
324396
1347264
335840
1105355
94844
7941
35869
711059
373472
1168069
1130582
1113736
572130
108507
103292
33642
331193
65372
387442
268558
447981
72378
701756
189093
243600
944973
1288746
146784
879057
158806
163703
919767
411633
259771
930984
641060
62264
693389
243181
2672
1105926
773071
828627
898796
281676
1036100
1115335
293114
823788
101350
471382
74536
795493
806476
412533
1054295
166167
397324
806066
838633
725792
287846
815765
64304
694241
284382
587175
76237
204700
72040
694045
441101
1249738
303728
413360
668729
857353
873057
251910
461581
783758
705252
839195
304876
711352
839151
323309
1119046
339824
1075663
1197920
253248
1066136
143843
1301957
363546
255534
1023548
831513
63549
214232
839693
78101
1301376
603904
8638
87554
537121
4083
57188
947723
393094
405556
129911
695684
810621
407401
295594
316781
86970
669604
161749
301798
242108
816677
690797
666054
973404
210268
283737
344924
205437
856889
879178
150200
768581
206786
447138
786239
1010729
964157
941968
126999
258139
990084
332964
1255180
296874
728890
886771
464131
416532
402188
232922
59770
515247
551979
30289
107394
350442
698232
310455
786822
1191748
830810
822829
417250
566765
349305
138508
1047602
522006
959045
614240
423510
335472
497890
110590
1017795
748160
397462
99240
1346189
992878
464778
585847
834892
103073
968637
250339
1131151
250208
137325
463365
1272521
112735
1099749
538421
328990
105289
690512
173912
771987
825568
521550
238616
23704
498231
291266
17950
989244
842181
115163
416293
444743
653798
17156
56140
229425
419359
1017641
115514
420484
192637
1052444
1051122
1184506
661175
419744
155938
306603
419902
72656
680316
695847
239933
163704
605080
842054
420127
865353
420342
870147
459421
4091
584344
1223884
1217147
79228
363924
843139
523594
758231
102579
263388
248556
1091178
1221847
381327
394945
486152
263121
89591
88271
716990
757763
995914
430791
329762
616575
1054377
742479
923800
122790
843754
220952
116018
581923
1257260
86594
857142
718287
244488
289154
844097
1077095
1004732
758563
333832
422580
144389
1214981
1279909
188680
1037342
101412
222683
370472
421645
521826
294316
837312
185713
902202
84963
266538
211032
763076
878302
614337
677493
264641
439981
47678
229449
651505
1358764
127035
472750
1110369
119912
92555
447371
822215
684405
718865
370461
601
587059
424412
741517
448089
579496
701680
278208
101695
682425
722679
91318
142726
147842
378801
282406
484628
250151
411505
596635
987937
845537
1110946
1110948
241458
694356
1230688
890646
626473
425377
425609
582980
799613
269285
540031
43199
1297735
754346
453126
1198686
657682
864112
191998
1043349
1367176
658140
979509
610149
529456
481696
1306204
132560
841643
469662
978375
1108874
746010
167987
93526
199063
260844
575769
975280
603977
1074712
150930
230323
737932
1162123
150343
1625
247645
278495
635540
415663
659966
646579
99481
1073540
95412
1162380
618530
38073
593248
34999
1135899
280308
41155
1205724
913724
758618
255983
1279744
523684
152644
762201
68570
725956
428243
204635
1104658
330939
743817
762998
181999
679166
633412
78842
459689
475395
847834
464375
306233
41247
23469
762581
211374
742410
187882
941074
848013
799145
690354
429007
272591
249697
429248
274579
844486
322617
572779
206685
1083965
274906
1209304
253953
1218934
669070
136598
1031576
44490
123733
205952
608542
666360
90834
921523
293814
18408
615649
689485
730095
321258
290351
1302102
364796
520777
157417
869767
286295
416457
207351
180596
1259755
597121
9890
402502
64235
543392
133782
973476
849327
576071
1056206
10541
23486
1070655
467232
305528
431863
795586
1127098
432136
765197
244425
24723
616344
678323
418785
599369
432399
1057049
1193859
365869
268067
449656
764872
789698
618528
704998
588834
660047
822173
432759
418416
354426
1101463
773485
527123
128736
279596
850284
705834
999857
657725
826961
580620
505400
868052
285018
73275
448294
280185
490305
78169
609225
881344
341247
731137
1008340
1287038
28523
48816
62458
462445
669890
675674
314445
90568
208075
79460
1336563
415845
1070657
660085
122925
627795
422820
587010
27194
169244
433870
1188896
829859
852948
317393
571000
59438
354594
187380
315403
940919
202704
908447
748460
102667
97850
51301
640633
464510
167354
986923
314001
130705
837776
865663
435848
35769
1170558
21396
570426
471000
906947
477762
63410
110653
240688
852220
49319
694453
51761
87052
852955
1219554
268227
1269785
301799
611341
852427
436844
987675
259309
899034
562881
453551
176034
822596
1011103
111834
16679
599330
1093176
275417
1032224
1198816
93455
200979
1057139
947289
457885
526717
197684
166704
67441
438110
407146
699407
55208
1182093
143850
39325
236556
9798
947768
103686
346965
200164
403679
189697
28641
438787
217608
670612
461944
547701
77231
1304437
824994
378590
726353
433154
439199
133440
175968
639699
151194
439522
65319
1023250
108833
207053
223966
486972
194699
54881
85468
58953
1116919
623643
440166
805714
664382
192408
309209
1220760
51244
156959
1351222
1032981
913115
79963
248267
1317243
1357550
28050
368620
854829
344475
931198
660890
295878
480664
157265
993518
396131
1346680
441658
23703
441853
607676
222352
335765
512223
506131
946933
953149
103009
442248
746752
1117915
999348
324279
1002248
681111
451178
547805
82118
506884
71111
771965
1060877
600654
58712
762949
16103
1312187
14526
456920
442890
7076
1035465
377393
328917
277418
178468
1201272
550185
1215803
1275697
737509
497164
290619
196888
339038
304778
783095
743452
771593
326810
175695
532645
240154
946239
676158
66206
855652
144690
208561
695144
66646
862997
153389
357526
294038
69042
1182647
569794
446193
568049
70731
637248
446281
700913
1079803
389856
1034650
477101
1341911
808284
380670
876267
1264856
349917
250088
1119305
489389
771726
293933
295223
1239383
1015403
552807
138031
1062068
1304699
240459
739954
184417
217360
68195
561318
290558
669491
756612
116747
891045
1214189
930586
222682
918946
1060058
1280283
226906
1262925
333647
332901
325941
493387
258820
880764
767190
1079026
966795
878481
126372
323838
747798
1265079
228615
126678
504292
113096
64307
198815
1238149
604573
1162627
188450
636848
7148
111401
717911
1090275
196948
985372
76303
859217
52389
919187
26549
242383
1014526
168354
886312
43806
658537
703369
726994
575542
898251
185457
469336
645167
718832
364199
866498
43370
949136
177644
123661
1059310
679967
374785
658027
117328
1149276
538637
504324
276894
131311
238131
1140942
1282550
539194
776868
631949
1085110
418511
557456
98120
300325
105304
328127
42610
557675
1123523
563206
644777
1303357
690917
568630
1064057
463980
445670
1139393
907544
408544
729006
692482
545632
720530
367592
750373
720609
7300
451405
398633
444688
697264
511629
146170
59124
660684
605321
489539
1199089
189448
1006483
1013835
725171
452110
1019114
172727
861271
318894
168519
931235
1109675
42734
281857
375454
1336413
975887
850672
124716
1056833
864566
358485
451775
452843
189393
687882
1061219
555033
178399
639228
188970
1135670
428843
1201102
485946
424294
862021
119291
191339
862127
460381
1142139
1038294
850675
19901
454094
124559
629832
334582
1053900
601570
113161
596040
612908
1188651
454651
978554
647445
653958
643720
779199
1358880
426756
251446
455049
1047543
862895
320002
880206
91493
774870
47917
1048679
232550
894772
873809
461427
227583
984843
439319
33653
846361
405893
1056588
1325220
1362893
223088
194396
989481
178661
403077
783882
341337
592239
831742
989192
908550
206516
863644
52322
847513
545086
396447
20099
1123631
196326
168357
113799
380388
133144
994784
413425
456793
682739
545330
649705
456885
457111
785080
369837
377291
156035
597606
1050168
645630
810184
1133064
1123998
291379
103919
555084
97481
192074
851812
995377
131862
46306
228899
781255
515274
424913
636013
495838
781314
383599
382286
310757
838671
865192
674815
275751
901690
556205
673072
669203
211852
21746
990409
746999
345975
651325
622540
660946
363590
511466
1222578
438106
902521
725178
198099
198101
26291
922679
491251
783353
734811
553211
181440
544788
841925
643742
1080662
726360
326889
562382
985486
74577
534822
978959
852375
850204
679264
877955
181717
1125289
685460
446427
201818
1211326
822454
330438
584661
954579
690806
115593
119458
378514
461237
66187
82558
456656
1221837
31819
907458
1114961
563913
333240
1132553
1168444
77507
1049382
91770
1326259
190017
967813
461714
95452
1208248
431738
623269
235873
712625
1126971
882623
102586
543463
981333
714805
109733
462240
867261
395232
837554
1040337
707054
38670
454420
784817
55542
833036
381819
286743
262971
445546
908269
155076
543851
410693
581591
463535
332733
620217
916435
1011245
573099
927863
354525
698190
516481
911954
1204721
87131
672693
866630
404968
432364
217075
461474
812673
720794
334454
942391
200874
1057233
155750
588263
251575
447614
394184
89650
942658
902767
588535
588504
433434
501820
503929
23666
88608
432005
857447
426794
587906
817634
795657
790594
987466
335625
420920
39525
1077168
535069
914406
128599
291492
695428
505932
1254999
387865
331626
743236
416162
753935
1193760
1108006
536148
325209
1093569
240483
301118
308747
217265
232857
169130
217151
29168
388971
794923
229313
589489
1162094
490039
438998
590123
254533
518362
249696
358728
255798
478963
943809
910185
1104587
789100
1087575
818023
335657
1056622
79845
135108
532854
707272
191496
8118
148882
392758
590985
688954
152735
123435
534234
850188
51355
791924
502132
169320
591433
755263
257403
565174
1129865
664136
612568
436859
56396
345537
433778
926483
498612
1303799
588784
174253
532265
329802
62618
1081930
339897
592098
175284
772206
29550
1356916
633992
443892
390990
588409
500328
592393
486771
548234
755849
195420
563475
258535
455702
118747
816496
1079927
1306689
465967
1145644
1228184
346528
46471
160282
566122
175663
729553
790940
163966
1012196
986417
745692
638301
19996
600305
12855
316458
419036
848970
83344
983350
832387
1030007
313534
481600
147364
879597
163468
542772
1197927
130899
297989
594544
603681
1068823
149351
354090
519519
594732
319323
60288
594844
10774
838196
385454
781848
543058
169502
37913
169460
152546
510862
515474
595406
158717
142490
476993
287245
128431
617061
1353705
193692
241562
431116
365471
1223210
143890
252857
595923
375116
219790
952966
1338900
1243675
614600
758772
1262573
758792
509283
888272
1142792
96031
536461
773404
821995
1131991
947685
940602
1140228
388852
1331993
697568
1146420
372991
948295
909529
788416
856161
1082941
611713
1071224
951567
777820
117614
844731
563028
98380
1096308
180504
597474
1343073
213675
947604
610457
948273
799434
924010
597506
318400
917470
175283
1097008
959961
826727
267856
580230
76431
203958
504137
697621
387474
453430
500960
639925
701417
69263
334009
149427
701140
166536
491735
69154
340245
948783
158429
1146525
630570
789997
833952
305969
1281553
704372
697802
513943
469879
343674
157338
117183
622006
341088
295936
305358
662038
916289
781459
569231
526638
268832
1271567
109086
297137
974005
40292
894914
621348
1108326
630430
316569
460860
161403
815690
732302
1016465
135336
635452
980433
535906
1327368
1229195
59114
125624
392039
931765
1070274
1267825
776902
270556
634217
210219
1055427
1082606
554351
434993
9550
1078359
601008
317775
1021708
823165
733002
356312
685929
130952
1181127
857269
489692
694250
422377
301779
570169
981471
218860
479497
520924
635743
1215706
1118361
676309
802989
667805
1281643
482553
184698
1172876
271739
1222622
1156758
740670
555944
1257673
101755
1162784
1185430
826586
199982
504831
135148
62305
127540
157760
318411
967921
318778
396171
91545
408004
658550
231747
863369
951537
693900
357615
1032427
1156488
349291
230916
694228
771725
602830
1247861
758905
1188061
195283
1282065
951714
30267
841212
951782
1280110
290557
700446
1283799
534177
538765
1088571
91460
157437
1072078
357576
320799
769778
824343
85925
985067
758427
197297
804483
816796
635670
912982
694296
341546
798015
506192
32110
514725
700370
33178
174718
1013488
1142526
512487
458203
456585
968638
228518
20092
951990
467449
803125
952732
900120
183748
161408
691863
357624
552637
451883
712405
1046886
233072
385199
952975
193166
344306
162614
99037
880541
1339687
202742
910957
902350
400603
766019
365164
209911
189910
202930
355006
259151
605969
670966
737265
498814
1320692
1012695
273437
349142
875990
831200
606367
623471
859539
1076824
684569
445438
1352008
402099
303667
606515
361650
930105
1316192
366603
606653
897336
1155369
642196
521655
190393
909864
526056
708952
11764
248123
190343
963217
597080
738444
850817
592918
893904
921408
193187
1349750
792852
525493
330531
1084944
1087191
424534
66329
361178
295101
341904
1181490
90854
640062
553749
1079605
679248
862631
1225219
420167
113705
735407
954734
862671
1104805
42287
798080
1050521
140371
481087
239414
737982
675944
949605
697740
261573
804371
325098
85016
1200339
105555
369666
492518
215581
77762
373658
132460
205615
959594
517103
1028099
1227317
637790
637789
196017
562259
306817
897524
669557
434354
955289
641664
170654
1148455
268726
968869
384452
582769
710090
637492
414481
826026
42322
780791
801438
565870
61602
610080
986625
682480
1064533
405226
692071
554363
364417
215481
1106280
422545
1186197
453846
610635
334223
102824
759241
610716
927612
713150
750368
252456
799404
177649
823720
162834
243269
611279
337451
452470
283422
58421
211330
252047
592118
213344
720801
472892
619825
532930
673640
35935
1293937
712379
1109262
865209
286428
734276
1015645
1277538
701361
117083
22364
797559
222400
815699
864290
505442
771317
345900
161899
907282
176195
373165
503370
529899
1152956
127205
887502
246402
1351270
196267
1071000
201384
716357
860414
428232
900887
370700
189005
738145
378554
575785
818437
547661
399504
340675
371530
801760
187543
109341
379819
598785
204715
1353467
372009
313571
382938
591168
143459
1006183
104936
67174
165776
613745
863062
369219
308572
50432
136044
1180121
1202160
131049
493727
1203908
8128
848072
1272835
1190302
608756
617047
908705
268469
581268
886972
573699
602498
633720
631943
258277
207533
496219
462784
417381
481434
594034
180556
152734
27327
499917
734660
716430
990168
542718
1276212
186907
1017177
500669
816444
315193
315724
1256811
946925
1154625
369935
775005
1037351
1079105
741407
882726
271808
959655
45526
296454
670886
821611
166042
816465
947429
942020
370417
907584
833903
940558
295664
233718
726330
731294
135967
730032
297995
213377
368856
298174
25502
796189
246821
980981
409029
182264
955525
895807
148036
905851
92023
351947
564898
775089
690883
86668
697685
1191396
337007
617008
1128010
316469
960632
775754
617292
494558
153919
265491
1299534
25579
504946
798722
643679
430459
859344
1037393
1133061
106496
339479
719716
557351
642373
24205
1179697
995395
300253
779196
425906
712462
326814
961338
664614
500588
494853
128596
536180
618398
539436
1180282
741600
580837
599309
223366
611495
980070
1005787
38569
552160
236431
224132
519048
685010
132595
383172
709825
619208
183428
293648
1011094
875069
24881
218861
808957
1128508
290062
1072011
619768
59337
175825
702097
1166341
792205
799000
263475
434449
821348
173004
816211
846240
1051242
497198
605273
32104
869303
174087
28545
1351740
324686
179199
51090
778722
422584
332917
238130
34386
117012
1331045
88813
490188
1026463
1035510
687253
826008
266487
436061
1156767
854996
547358
46665
791448
621614
552112
115261
430533
205504
851989
730101
1088843
347652
181596
209703
294317
170422
476779
305683
1273364
1254720
867865
46985
68050
237181
715025
667893
35253
987238
579367
559807
870516
730738
3203
293641
363626
594523
747133
667035
780235
520861
497005
115759
1012459
1277827
267317
665195
622790
688799
804814
550834
159180
194207
779801
478292
448740
377367
317909
468315
1020372
810099
600278
559050
323947
466686
33571
590586
801699
399302
608051
364806
1127551
1109238
123608
438217
213915
458906
585201
623754
656978
346930
592264
570976
448796
167091
362586
1241920
418461
1282173
1089301
620125
429480
373466
871808
111476
375238
221160
349854
187781
141752
447287
136380
1082769
349120
1255433
513551
1074539
259501
197298
587706
321601
823179
803953
609798
965421
131153
706949
624822
181494
304986
227702
550052
1277158
212808
24211
38146
1359959
69423
310219
1156754
700785
148942
1037021
624367
974868
200947
751760
1228016
560622
704131
589211
269129
722826
1255610
915214
1364021
726344
1195202
896628
808269
115430
805093
640002
221892
1010387
882557
860670
381316
317222
1068347
914922
46827
453620
997287
860025
92093
358880
781611
165239
368406
476264
474147
833242
1044208
363970
203894
248046
1131275
139272
1122325
901598
749396
648862
860235
404913
324174
260599
462571
1286272
485505
748098
484461
62097
80784
352059
79696
704941
504758
410897
323996
497825
80539
946243
76811
312642
461073
544851
708418
314628
314642
967046
1129818
130428
186908
392533
321850
628512
1089106
540532
354791
476192
810858
1031965
56034
431078
1244734
314009
924648
321419
656685
185884
82152
355430
967484
1031833
613830
628194
782781
783947
967533
586634
357027
427210
124319
743763
628189
212914
205855
819269
835942
504380
153165
617214
767559
73152
749090
356447
130934
157441
1196681
293267
794786
1025959
629154
1101086
423008
432508
451347
350114
1205955
1036476
636173
700997
629430
480326
553854
984320
1046359
1029928
39644
936423
1243604
1127210
999791
587627
1278968
630251
340344
3425
168936
275963
495031
253400
531601
287904
1347443
275534
518124
630480
431597
468229
684204
30593
207290
1014670
764158
765205
977878
1365767
984166
340410
1075564
489114
723827
507248
752815
1056230
276944
261096
750074
990386
1033728
794145
1175100
658818
215422
972759
567433
289032
196323
610383
352470
1190627
779843
122550
182303
153166
96694
347390
591708
1052715
512414
476544
311219
731148
31289
456313
932862
417633
947726
203597
577360
427743
280028
28199
559660
597449
599093
597058
794531
54504
776910
614732
12663
946214
146238
15331
536812
889801
810794
970969
36268
911799
670277
206191
233354
633425
1198770
597362
674001
322247
633788
300926
220354
633676
211430
647244
1212105
84368
357964
732529
117558
480243
592283
1194774
132140
391087
726192
671839
752723
735529
876566
933245
523641
1261656
578677
289483
876702
423657
257505
971904
1199769
733367
399337
634767
789309
613237
324294
280375
189042
324183
284688
523773
351270
1269031
1172564
258819
878076
768327
283817
1252715
733809
741878
783703
549334
446245
695853
344300
430069
519472
610340
243347
112019
24976
564580
864701
627123
285515
1367637
946030
140259
430252
156086
734689
350504
282787
791851
652753
433081
723237
636537
307606
643245
1005759
59390
636567
1170183
113363
1227973
1014743
798087
286958
577447
498792
865736
1037006
108269
122102
456701
200795
928155
1233889
304175
452078
791018
191766
1246982
263558
752252
224567
1060056
1017739
718436
1038745
439711
459521
637835
389126
685006
423231
125304
638097
1289567
966427
68124
828355
534648
730613
1025241
638406
399748
335570
471198
657320
861616
86779
244720
344244
61400
214154
1151915
717734
1004086
764317
693673
401724
223937
710563
304329
929175
639134
508992
502973
223694
252807
936243
47496
54470
39431
69530
223383
853112
43854
817165
1943
778320
329976
1274323
16699
330192
197983
720953
1320476
310456
778550
728661
428662
481807
525233
933696
614239
829727
810994
271144
218107
1226482
193777
428024
122131
465836
226572
494163
229807
381680
1018010
1092072
226925
775230
806783
1304761
839864
226862
336153
200375
996894
616941
1328469
76826
55057
236557
353774
995831
295423
572317
572183
463793
563059
774059
380613
884034
319465
842230
1007847
322560
456708
529379
596355
1093770
1039683
1027588
889371
448269
162519
410787
1091381
245785
1019014
303595
909192
1075005
109964
716795
510314
510525
674144
464713
424246
716013
684157
942036
804063
249583
655816
808018
645017
642601
1297822
268398
4748
528803
176903
95946
276608
358086
779311
643788
112197
500020
141856
163663
529012
980083
959326
607448
188285
3510
337919
1263209
606450
515111
1339498
421417
1077988
597637
122400
684980
83504
796946
712280
715179
290285
1330324
530716
851163
1282791
560382
46371
166481
470776
321128
66038
290463
530265
620233
389094
1245014
569012
562790
531547
93319
245750
402637
39526
273935
233044
630333
655090
613350
531092
891909
1255996
763721
531043
531003
566688
372040
1139155
746480
820575
1109357
497286
644549
1148433
405087
455729
1055398
240678
182313
807292
68368
1022351
70303
182462
1182329
232747
343203
773952
531853
1326956
908305
342008
789114
454705
260663
169470
42216
1110100
259581
1243516
542840
1334867
1042288
615901
908673
94195
275958
547365
14893
306205
589855
1064481
590984
48698
45584
1105995
542460
360853
90289
127168
627242
1017853
902821
777511
1356521
917761
435717
1014218
127412
204262
533407
245689
636852
123994
237430
909251
308236
1333764
800847
162395
872489
163662
76602
1125634
864734
233594
57894
106940
374112
755344
392491
1267118
208224
1139410
915433
983496
52584
107400
1192420
18554
658006
543629
1238282
160530
772098
277130
1252370
24555
452564
1334049
64433
307004
26084
1262960
107155
826133
234047
1205030
950498
545014
890007
84556
545188
939327
339253
999596
927379
1010191
508865
813292
504738
1354049
335890
110249
488815
782440
885244
491653
1207585
47965
232580
977561
21606
170615
911043
1043597
239207
414789
911208
247719
958745
340713
177501
449027
650088
398289
741023
137959
288363
296360
618825
165278
920873
1304433
25389
512446
58851
745907
123040
655903
144782
167431
311977
948309
781855
308238
314335
272919
43741
22181
399358
398789
379736
1262982
1042524
779931
369577
260327
378152
163426
891995
656727
79815
102806
1282075
29072
435163
1200397
87218
171299
349733
349735
1290009
880140
527037
180198
539312
423899
1056677
913783
836946
526794
26956
173217
168632
153518
51460
1040884
291704
424465
1176661
539519
592537
773383
277584
1321469
177638
622126
374673
660601
29322
523855
580602
653603
133659
233002
450187
290638
53780
499748
775413
741185
396905
353037
372330
33531
599242
312349
834856
539214
203377
302699
816956
660769
1083879
408741
542621
443828
1158920
809609
777523
820802
590903
36946
47165
353939
74654
541985
353469
1336420
1129258
627711
42702
605450
133573
996438
172812
1049522
1345766
1061545
233418
736886
227687
563438
542719
753834
41401
705739
1369278
407934
331227
1269304
543068
997464
1144930
56476
1259768
459096
4811
1063057
1070048
316630
775066
155269
292407
270987
1260061
225736
597919
25153
544049
879365
38121
200236
1220223
762293
117107
976020
947596
245153
535029
58160
511354
609098
939792
1239292
317856
847906
1244484
544796
82052
1331678
998814
444523
67175
1005599
916225
1041724
763637
528314
1005366
196565
227222
451088
197808
879606
948770
742055
319516
568713
553016
763070
424348
483247
447577
751848
44989
42307
583710
657349
318790
1063800
22115
869639
89202
306461
8119
1049133
658643
45785
378754
764667
787348
187214
658064
1078679
173044
425944
24474
521812
918840
286831
679511
725229
187554
281511
1309245
216095
178599
1367403
138341
790722
547337
1268688
967854
1246910
470729
471347
658745
191752
432801
141857
225920
277453
326174
498058
955783
730103
49557
930694
1183087
537441
248581
927336
1109615
316215
167072
10862
133522
36395
236448
598565
322993
47026
1036802
99423
193628
1143273
376936
99259
624624
262711
117103
924978
595306
45841
435718
1164785
283741
866141
1236677
549204
1141628
95080
549170
197771
978426
125305
284558
918831
1160992
736180
53631
867676
164459
919119
710817
515627
764304
480653
1225734
806570
965455
902354
550492
557992
64662
394221
789909
195657
356332
311883
230275
310065
1233377
385809
1109544
327220
1128024
541416
113329
67590
28668
517338
210115
213373
343913
428728
791047
551067
596844
866776
381818
951410
665417
24868
287137
412306
178598
516138
482547
899101
463165
321557
342537
611862
1212559
539863
631677
288038
507224
232033
56894
1065679
273263
898790
1186568
786448
285667
343615
574722
718183
657115
791424
766840
285427
445126
257178
143857
537825
1302279
584189
599363
664021
251404
1263937
480145
338091
289832
921200
479624
557676
56646
1198779
1242157
40768
68149
403444
1011301
331224
390075
1112997
946275
442215
770377
968812
448547
891269
922411
667936
201404
86667
980034
689788
1212954
90139
643941
588178
650588
1344958
769550
307031
814603
312288
311179
648831
1263862
229751
641270
163507
291927
1074645
690498
922048
1115594
621482
524553
651428
378513
508517
990090
633016
253439
323914
576949
36446
1100650
903240
153001
904707
978322
59992
17817
666100
804047
248233
555424
563632
66157
922454
318415
555508
587755
1180768
295902
710016
212740
440645
917650
773006
286932
1058111
372416
1082571
45390
297819
525523
343988
418999
410503
816996
1045444
100357
874445
158909
1131457
1274827
251383
221687
150382
719972
183731
242895
340267
556807
439438
758309
577271
354061
1341198
313706
912167
78892
285672
667742
556474
220106
852656
188685
1040046
798164
2438
433148
1282783
1176639
259117
314853
629181
795682
1177340
499872
57490
108268
669110
1090554
392338
621668
558349
715744
721349
747022
118580
1097589
209580
964449
554792
1043225
541925
574115
426672
60261
375839
36471
713732
698439
675551
467264
122775
1187837
1084278
244497
540964
742841
253647
357722
163950
118690
389621
415394
1051012
342052
1253900
597660
94913
62200
250542
919820
230687
1110207
734643
312024
366477
752135
524468
61220
598707
596474
949735
925269
560957
574707
502780
290295
844307
329747
1215697
967002
835070
1358575
505345
836168
62873
275411
874996
74792
963662
726930
698432
300566
417296
131666
422569
361494
689085
1046518
731114
754555
494876
212215
560139
614604
21176
271043
37423
603953
765528
894371
845145
379088
379114
178731
60761
152097
1368745
554590
420871
1221524
378883
251215
754074
122914
1350151
515776
429554
672107
848027
926387
236456
487752
262155
899212
352936
561641
1176212
163812
926674
663921
748399
757691
535128
743265
562681
671502
276609
639152
330439
1302379
313232
421595
869609
548829
972089
992885
671085
789659
7229
817324
544924
1184505
880624
263349
121147
782927
236582
771240
759214
103220
542977
265221
745256
294388
217931
381332
195906
355841
998796
820619
106630
883328
1057743
381556
408543
323058
608249
542479
563826
683929
321521
357363
889803
6253
1208957
563936
736887
668480
564047
673391
8613
589796
821403
542103
295605
273322
592449
844824
213576
489593
178499
915084
489959
112077
236228
735652
439817
444234
1217033
764205
996823
325003
538242
637512
973788
383800
587268
483933
425203
1169004
187933
565287
1121988
466782
519306
711603
233132
85975
565675
696921
723846
264488
368989
592238
350362
1044514
305178
214980
113417
1169651
1083286
384586
299544
740967
737354
758950
773214
1257782
690737
746341
1107835
594052
474489
822644
965090
449163
259452
675637
566667
463496
566835
736247
597219
402060
283734
939922
245096
1249102
14019
417351
238963
1091102
675253
581164
1035320
675434
130009
547198
805066
922580
1218160
567539
263528
127553
350283
88664
387481
929842
332128
1256301
1256705
894494
230470
642795
448714
230111
334583
567848
1007589
788057
591894
79327
950324
664613
510067
658720
1040999
594565
616147
568182
841668
44313
823783
1120964
1344947
648747
186796
1223339
624663
9251
664281
242900
266850
836240
388177
1055110
1226133
498193
521384
600438
898853
1261547
281859
765105
343549
171927
1143680
726753
975154
523630
539850
895220
61341
1308393
514694
569991
294870
1108432
943712
297383
353257
260773
287942
635279
1052257
1340914
232015
826303
123434
1053258
826337
28200
749474
538143
1304519
205368
274377
331478
583633
92784
564704
677835
853727
96053
977454
726817
1004715
324991
271473
464628
571303
783662
571245
343856
932179
167252
1242127
273673
877031
274797
874064
102602
933893
174312
460023
98449
1273929
932364
270089
571962
177465
1259291
950468
217214
90916
1121628
1149937
448624
280001
335650
764589
393041
443837
585858
72261
1275251
1034455
10729
932986
105203
889752
366145
619848
638444
764585
598999
193629
471664
1155463
887394
356707
26687
933168
205907
1276116
573144
386930
573285
356439
601073
203441
810649
153881
25973
272928
730481
369226
24212
919165
492543
449852
274327
129830
1200079
194083
574220
785023
928293
1346821
859694
933940
1220762
1048714
266341
452915
261000
1078103
680202
574636
574624
526448
836628
844242
844703
902905
281002
799495
325580
552993
443229
172128
1003582
782642
575042
1062071
685969
86721
1173246
1122167
155312
249064
373216
270227
784168
415468
488814
776280
454779
516788
1207599
1270150
847938
24120
1187098
209203
470023
334127
337476
418182
191174
1281083
312971
576115
1319737
957776
134045
105955
1198790
107944
1355816
418720
106166
232608
90405
306658
935307
832691
106620
450804
443838
613338
261441
1060345
919784
575334
74186
133392
187086
151590
1230911
799723
271344
1137274
235995
98121
843696
55058
192914
759624
14428
108075
869202
683756
705470
766305
404664
854629
975443
935890
860267
226309
233390
694716
723840
499505
296566
1000899
1010580
400033
1157172
845197
1261737
651496
967297
936264
873627
1054391
5186
559972
109615
1267725
831977
1220253
509829
361922
93328
420323
81000
688403
278440
759569
1174165
73143
935339
107042
1359330
936559
811205
1147543
486581
31562
1104966
964241
771322
91188
767677
296135
643075
1299350
183256
730102
704809
544338
536470
594293
169318
181637
1330252
681939
307421
1359023
747590
688583
80610
1043162
634718
676310
864176
114569
584660
908777
1105717
579894
1025802
407036
798213
113210
613632
457967
104582
188502
459358
262784
407979
765807
748916
115979
209237
110678
1202601
38465
1129668
519506
640366
116376
124893
505138
622831
365904
1267758
350043
381785
893056
634993
1030897
686861
1144045
1005857
331576
585605
632771
796508
854925
357641
1157096
222268
49692
102825
257031
191670
678897
444887
1302487
840947
938486
576629
841178
581930
261572
116761
938505
831724
128930
120730
313941
581125
315289
934521
221392
127204
177411
117203
1268230
648438
732956
458012
583213
891542
911187
391209
102918
130535
257844
583050
365724
1178483
1045497
46409
668416
1042376
582854
167777
253589
535543
524227
1086113
712181
324826
209472
939055
523839
1053463
629551
698196
897651
448874
267804
607554
688361
526472
609412
472095
237628
63710
1234742
643776
875439
247770
583350
1283614
1139514
1053019
931731
220116
856676
302707
410489
145267
1171207
159296
1333659
172245
626647
204795
685278
394077
92135
1345566
857400
196161
351229
1253127
965499
1225088
215189
463288
391869
894391
835990
1038357
41106
362295
169317
976149
119088
1152682
292322
519028
635516
1108529
1323342
251189
759539
919012
16549
270274
381989
1062371
656750
448600
311108
95350
809287
585331
853146
210578
585508
585517
525600
271535
151797
249657
722810
482453
269197
540823
378837
203858
1047345
51818
941099
216137
1172829
330586
149170
474755
269963
296181
251948
505467
1098297
296453
206382
763032
589554
128477
1178051
112094
719530
245324
918668
805910
245993
662161
501204
210883
564658
775245
1230302
586918
617340
100286
780152
128389
380485
941829
84449
405088
941905
989024
953011
655864
751109
554201
781133
760996
620623
