677628
440679
219120
70918
120987
999284
1836
196278
712683
93155
70291
80029
688333
167780
178874
325253
136131
262746
117664
173917
277460
160609
11473
5915
305756
62323
213057
821411
73560
90144
28262
162081
453234
1234279
111106
562375
77590
329863
402028
13225
399233
243586
9153
221537
380899
74070
294145
890380
334256
118664
291400
488318
116032
55430
227300
106964
241123
136668
305633
687378
294088
33205
155936
400105
187167
328637
176576
108305
216534
928420
70153
53818
110578
82925
427442
46293
336651
110753
228412
437935
30390
187952
172425
162221
231645
186064
101519
581221
357183
33506
116508
400760
8278
77792
1143523
104239
6102
70883
154403
47909
603119
14286
526654
421448
477627
311664
53299
212216
46762
83727
35002
105348
