569658
1332349
371202
942076
795736
154277
1037623
1042636
195679
547893
711807
1038030
1261742
1240374
1211459
67728
1183511
1214124
666585
1316115
1367731
1142417
1244893
545986
1189604
1145693
282680
708029
979798
501011
1236704
931585
1023559
1039463
714866
664904
339790
1142138
292954
1123564
1361836
1079218
822506
1039949
1366316
740834
641770
682387
1237080
159363
870130
501737
705310
1340282
1158136
1073645
957651
1200038
732016
895517
109591
554878
164924
1019866
355156
1212855
1144887
922363
1326074
919898
1232671
1281505
1199376
651109
702087
260919
982735
837111
69155
1229936
1032379
936454
1183094
1033000
1029767
1072829
593924
20549
270859
1013370
1214462
1202649
774801
1231761
1329639
51880
1227412
761818
1273236
827003
1046991
517116
891772
1328648
702032
586938
495177
1306298
482800
134497
1151726
1283490
965173
133347
523776
1204173
1328535
942461
694688
1198426
132132
1255220
1117137
694131
540525
716873
1354211
1210265
621925
601161
1077214
966593
1362048
980311
1026794
1149418
1059307
1227101
1267402
1227936
959352
1362283
696242
1282189
1282059
1307097
934435
1038226
1024590
1189432
1320553
841220
507567
1101379
1219681
1094532
945904
1273823
218893
1125094
765816
529709
829445
1311261
521593
1176704
1100481
1035662
471619
1237171
739388
898723
1045168
844361
643185
1225035
1007338
737837
1038544
994783
1128598
1339775
1044729
1254040
1322806
1060739
914528
1010535
226322
607507
685263
1177356
1169611
1180658
161245
769735
846900
1285893
113050
1288809
1004539
734084
1095702
1160728
1245379
125
1068543
1245262
958090
709315
214114
483648
923700
1350762
600901
1096220
1251017
1030577
756783
1240982
926700
674355
1240597
911325
1245912
1218015
636781
1032524
1100425
526280
375312
728085
1000415
1190875
1000690
1230897
880518
407519
914876
706744
542983
602827
1191943
1067310
1242014
692538
1332313
1281938
725936
1275384
437036
1026672
858068
490897
898943
944226
831470
960521
683104
954926
74080
178521
351508
1162752
930718
1015434
1337918
1028246
1228191
1216418
1261630
208319
608944
1352012
672496
188030
305361
377387
379565
899523
1192671
1255669
1350191
129728
1098695
359710
258777
585709
951621
601783
1021268
1192813
871242
1227057
1256342
1353590
1336072
56467
55761
1235087
1149093
695827
22036
411117
953157
1244917
910869
1324971
992083
802795
666295
435627
1176491
883264
410628
991411
470503
99347
922367
1115260
1012309
1001529
44620
979758
699956
1018823
1366352
657562
166548
802692
1036477
1255172
682924
1304754
1242606
1001348
1291735
710019
1234078
769527
1289366
1286994
649542
773220
1234432
934353
1173226
1191846
1252262
130883
1210842
361380
1118768
1338172
1019666
1052896
1133101
896545
1277074
700883
1360326
882657
457176
744835
169461
1347904
445013
416110
145372
899632
1170633
1122863
1013758
1193917
641769
807247
655007
946491
229828
821818
1219302
877317
1154515
1174621
566699
776817
1016690
1016642
742126
993440
1052835
1218288
646517
849582
756365
30611
1343957
472387
904789
1249690
434646
839807
697404
690462
562440
188885
1168158
818043
818590
3625
1146748
1235025
1193
863802
242309
1205500
746733
102785
273152
1004701
1205308
633148
1332835
1312363
29429
782621
979519
560876
1089319
1096066
1091933
1204567
337810
1256299
1011943
412180
1217608
463586
1119312
1064421
661982
1117344
1367282
1272973
1339216
777935
1108552
1342673
245140
771261
551772
904695
487361
1005939
945396
117044
115871
44180
1309566
1226182
739168
77747
1267222
480774
1366243
1365899
1359071
1367334
1248146
1226565
1225524
1038623
914584
868295
121361
575803
934881
1297892
68293
224667
311368
627702
1207717
1236954
548832
1332861
422510
818877
314242
1001899
1001797
986319
1000928
1068694
1148310
1221067
508317
19668
359605
680600
306102
1104932
1025878
998948
1346234
1264638
1004215
733886
1029814
1004148
68677
254245
746593
1222230
1184387
1067646
677516
1218841
1030185
287689
896206
861546
676687
872872
1121172
396645
456203
805658
997930
1304187
205723
928540
1328302
246943
1273798
572511
1001038
1325539
600532
652931
1164704
178391
1360495
1089224
277531
1312115
1231379
980982
561506
892047
226826
701526
367322
844442
852021
648300
994460
369366
533068
1153644
734120
235847
283884
645771
1104922
888831
366648
1002039
1083223
669787
746767
163807
1350364
1333108
903480
82063
644048
1107607
808588
561101
1162942
671964
266874
787659
1261354
874583
788246
1170864
885768
784149
1165191
1156192
622534
554916
1365507
882637
1348939
1051487
1244369
960499
654533
776934
527860
1324852
609588
842834
1325798
963515
1095069
1024509
805221
268836
1257811
1165571
1362108
95952
886526
914096
809112
174627
594406
1254728
1351716
965559
823397
820021
446743
377972
963821
275425
831233
519418
1054338
1366130
1213890
996575
1199619
844500
876084
831686
506949
783553
1110155
851787
124340
767226
1098979
252033
1252101
961871
820471
1074955
1283924
958217
969936
1277540
328259
391443
1287823
746721
409196
895514
649657
953835
665637
1205457
916835
257287
371068
1329299
1006653
14419
1324638
1242551
693592
131557
933192
272024
537141
633038
794339
833134
1154576
1106751
1274619
1283024
350153
815910
877278
1056909
922850
214142
359522
1049777
176386
786554
703062
1231082
254239
863746
768526
1096065
114463
932118
1223042
798635
699653
462960
861694
1201715
1231736
689885
323070
322643
1186306
1003503
906271
237874
1259107
1271766
683738
1015046
147856
1067480
45925
787819
781539
1351919
1139895
440228
308627
1004792
782367
1115257
322367
194077
1122366
1268652
1289314
927591
337341
1091558
139535
188266
607370
1326258
1268235
1245419
1268066
1321695
259277
1331284
1085013
315711
1192543
208930
1137496
1135203
1269049
1290280
825671
940138
468218
1312005
1039060
546257
296357
774608
1062468
601268
798383
787982
900427
1039975
552177
1065605
523831
459439
875083
721823
959894
1271595
863078
621653
324713
887789
1094285
1287906
813575
1160366
1094048
1289747
1093894
718271
1266212
973085
553166
1275477
1114830
392638
771417
1252850
303924
1312206
318298
1159900
128094
1028155
865657
1314627
1296622
183102
294962
1275468
748025
1238258
851998
499717
371344
479924
772693
790709
1093614
1086162
207311
941462
1273541
1358753
1039765
1354427
765658
1155704
1281589
940658
1094895
1085285
319410
1254701
742926
1012038
38439
764187
1287143
1169827
890917
1318444
1097084
988478
1211111
435084
997618
1305148
346510
463652
474434
1342199
1087356
1206887
625298
1172493
580977
984269
58000
1040917
335087
1282156
785153
1051316
771536
1360430
686054
432979
492344
1082704
623689
1187268
1335928
751040
303475
758742
988340
943739
1200640
503367
1063490
1085449
677693
669891
763122
782918
985274
1083822
646996
1293899
1084496
329347
1245297
732951
914764
941792
464036
804456
804436
141531
48102
1055743
430991
216009
459185
944787
1321739
53074
1237110
1336705
510091
886508
254882
374876
576975
1331017
1214483
706108
467645
355742
646155
752230
1047688
547990
528860
1059183
1256442
876137
1299513
801149
1256080
817268
1105095
983259
845555
761159
931690
854652
1273890
1101188
245147
769306
688213
331624
929900
243171
747781
1241216
328640
931891
1339697
274328
1246579
869715
746462
672322
443462
1263863
1116484
982686
1253311
470359
927218
1317052
1284210
1268149
1210515
877276
1019134
8515
1350018
9696
862360
696495
939117
1041745
1059280
1041540
306377
625833
1247923
1160716
1167986
851629
984100
724651
741589
267299
1270412
1161891
55082
1200893
853766
1087861
278932
125176
1043587
1245212
1043437
1306699
1043321
765857
744877
1076289
1112455
924501
233615
585450
1289403
1082570
711719
1225930
1300616
1102815
572413
979439
341469
1052854
1325815
671603
775805
142479
1289044
826747
102151
760854
1258405
784293
1069086
313722
635286
834482
844724
150738
1091389
782796
1119726
1097459
196002
799596
1266239
759584
1182240
1132640
1289579
253460
1041514
1287203
1265680
914585
744525
1125807
903367
1063049
1111377
127112
1054041
792092
529530
1242571
295898
1349688
1058977
1113126
1165023
1123193
1296755
723337
854564
1119945
756259
338323
679779
303375
1150500
767679
1001561
539551
1123206
1011261
1365320
240599
1364500
932818
1294880
1263021
333300
770239
1251862
1355794
816152
819246
1296100
996492
748574
812519
1201774
1192043
610185
1283996
819278
675289
1237562
668316
721272
1062004
293801
942809
1349980
669798
504828
370553
1263902
242979
761578
1084869
1108075
921278
1310413
1145207
1208056
1017628
522565
1055417
921432
742976
950890
235032
1150097
1261788
88268
1325991
267501
1158972
1277393
1289387
1308656
280203
1335458
689190
1186602
840014
371910
1049070
595221
1186683
902445
1324255
883506
647474
1260961
954457
234589
717255
1282252
1100058
762936
604335
1326221
1274418
899815
1312067
1112060
558291
847966
1220339
1127271
386166
663574
707624
1104367
502781
713679
756472
1185837
499480
932190
738522
989316
1289904
1324792
414699
196652
1008019
923547
483243
133413
1294422
1113429
580663
1170301
481624
811639
804277
669938
644665
1138738
1238462
1092382
1286456
965747
1118298
431258
1186227
402173
1140448
1144392
470395
1298431
477711
954050
1307893
1170052
1315468
372073
834600
627883
367254
504838
1173698
474640
1315148
322061
1295019
702572
1155873
1007825
1314940
539405
1025592
1314845
873723
1073623
1149890
1170181
1257984
270762
451200
1178520
1296734
799684
1336972
385042
1323458
71836
1246519
361038
1089146
1174817
1367691
1071252
581402
410239
1238065
672612
723427
1324019
511320
1128050
159506
723254
351392
1312703
1246998
810854
1176130
707288
1360358
1140794
819711
735383
1030574
213265
1134498
1355481
424343
1355411
818867
1087522
149016
1246033
1308450
998930
1252755
702466
1273892
541651
1141354
822150
1323705
1085703
1012354
1354386
1262380
467822
954155
224646
1320992
523649
974117
779694
1329381
907954
542790
924382
987453
1142780
1056644
1272367
281742
268957
849869
1279455
1251775
996513
535528
516446
1069106
1228718
801809
633450
462066
1228916
618218
1006474
299459
1063445
1311531
630568
1117161
1336140
908782
871151
919283
1197946
1199201
346424
604356
1368835
342017
1315343
972459
1045130
867203
975299
106527
1121082
485343
885454
1080437
1118410
467341
1120415
1087612
1326954
269139
901180
1172513
901022
1307659
518777
961496
682492
1235403
1197267
486375
1217650
702533
1014318
87579
1141041
516805
1001437
1335798
286242
900199
893992
1222070
465324
1121379
386838
161183
1306059
1325094
1343712
1263106
1362362
1143846
252975
438548
1285877
786574
268248
1135938
550513
440102
892309
565961
727488
1119745
364837
1287595
29019
709996
1256727
19130
1199071
261482
1146051
1039276
878305
1145863
990283
1314793
763304
79468
1132477
322716
785537
792259
1343823
509146
554456
742089
1094653
556166
910075
713167
84650
849419
757003
862746
1061550
368696
1127196
787949
820352
414251
400442
999704
808521
848285
652685
560333
1198365
887452
967867
430601
1100455
1252338
781518
1097047
638725
1326434
911483
1067976
870569
1325090
1323687
639807
1176772
1260785
1168642
1289927
1305861
875470
1323316
901268
851332
916919
1039685
1360006
1237129
884849
1232195
1160826
882570
358515
783952
422610
1319556
1205995
466771
907298
1136397
622337
869479
703957
1069876
628999
247360
341019
860716
1161863
1059086
984016
428000
1010527
584051
522119
276605
452943
68891
803013
1320620
1014261
1347972
1064396
992231
85515
754110
953774
971620
1256722
1756
1197867
482065
1133803
1341725
973603
924107
1165622
131685
1308498
1162890
966100
845472
897312
401893
911605
841505
1298166
445777
553845
1294300
1314336
1112991
1272971
937550
864548
875153
1131280
1085238
1350325
945228
1198148
1333985
403997
589190
1062055
1360686
1314876
1045572
320899
532874
1348451
1273918
892161
476961
1295706
370570
836412
577409
974884
1213848
876331
407470
1315903
678200
796035
829934
1180719
120352
1127773
1072384
1024945
868541
1338712
431881
1015240
1126624
1363012
1267257
1099256
463590
810734
419453
79232
962993
400975
963022
494178
537806
1074627
988526
694119
1195612
1244277
592332
1252519
422059
1028083
944756
1022692
690741
878634
398179
854570
640217
522489
1230460
382624
458234
936155
821755
268666
578311
979751
1260704
1028023
1340431
220802
1106695
377455
1065415
977010
839146
756281
1038906
654104
1157011
1051410
624401
1172542
19683
432887
1125786
1311194
1243032
1202834
12454
763709
445762
1233359
1257666
721515
661480
151334
1368283
1310560
813959
807132
1340667
1167525
1327154
112271
176046
1140229
1147904
650237
1220309
1120392
1113628
1120221
1120207
1146499
1148596
674128
1358670
1051200
513300
848706
1133744
446698
782178
1323274
731381
841351
953140
340314
794734
253706
1326531
517002
1349456
1289364
424627
1308284
1171693
385306
833622
1340391
1226781
1163484
563181
933909
572394
1332643
922005
1003941
984964
892010
853586
718735
725879
594528
1055046
355235
475711
1342180
1174696
408766
726298
1189723
443200
509893
1305451
990080
889148
580582
1195180
388076
581011
1212237
887468
1137009
1027496
1220637
1001189
831825
1054579
1168692
1238784
229181
816462
1253100
1344199
863395
1097749
1169738
1238266
1142714
455569
1114895
233029
1159345
568553
569389
1085507
39043
337415
906073
1166542
1153453
1254001
1111478
1272338
969213
169857
1188647
1188643
1245511
985131
609754
1032323
228163
1199996
1187870
1227984
1047994
531010
1219472
970798
1107294
1143734
1022996
927052
1058926
265260
1369443
1297519
1216719
468299
1134658
796365
721201
576808
1160647
814689
756038
1160408
1256479
493025
1127527
952069
1138861
593319
988308
1236503
971158
1346787
1286410
1283756
1321738
652280
1117259
547220
970340
1364972
18221
374440
753986
1327876
753809
59605
886685
914377
587943
1065997
1143617
1078481
1338363
1160487
844238
1245910
1182847
469340
1025706
747362
148024
611088
68304
867361
1309973
479067
472649
947464
470433
972886
537164
965583
979253
1363883
732613
1314661
1147631
1046997
1126220
968203
550908
984666
1014796
619731
610306
1151009
1093670
888912
381597
664207
504929
1158358
768984
590577
1247669
699594
1351734
493626
941020
528449
932255
447946
1351493
1299861
1299769
1302491
88888
975960
1139029
199675
443690
426681
181505
573249
1200722
886647
825386
864375
1127118
912893
817433
1270139
938818
1349867
619968
1200537
636997
1200199
861491
1165451
1268018
1199898
755294
1178010
1073097
551075
941125
420209
512679
1049151
1108932
1018935
309258
1021744
1285909
511882
798876
1072046
44570
833174
631961
1166950
1173193
568458
935160
1185364
1173520
1174411
841969
748790
1324398
574638
1197046
1344969
228626
1203377
1275178
1197935
776763
299458
353905
1251321
544933
607307
152122
888296
1330211
793507
1362721
1076272
725471
706948
1271870
625032
402298
1090617
702559
624867
561770
624465
77021
1305314
1042345
1320743
924866
1328411
1363293
1191911
1272318
517150
597540
1362947
1223118
319767
948790
602965
700133
1356002
478914
862517
944298
1265788
588656
889153
1195330
1323146
739500
709733
415839
352190
1097186
1342184
1222797
1351413
1167312
1191650
1336228
499969
1093373
780853
509975
1137380
827539
957912
943356
1104940
1331944
1297027
1111719
1167762
595313
1166534
452833
622261
1282446
1012665
1148616
676489
1193213
963069
1239943
280937
356264
1087450
855590
926911
620313
926578
1364161
1030301
1361981
75363
1002827
890115
460609
956818
956811
890341
1297944
554053
956550
1087174
1359230
553157
1044870
858095
419512
945472
1324727
1319466
840937
1124768
614475
676566
1131605
1156509
689310
102907
1142009
293852
1200545
556159
556102
1164943
569105
1210206
613352
554707
1051292
546401
1234865
766337
812371
1222231
545769
1337567
778421
1052570
1111638
1154207
846356
770035
1118576
1223131
780312
1333903
815512
1304947
1318586
919384
340506
773339
1162312
549456
608119
103737
549011
1043608
1338451
1294600
1021459
791120
711394
61769
1161266
567983
125902
1182750
1180672
1063865
1174550
387205
1219423
321355
1338017
1219575
878444
501417
1059165
896636
152886
675883
967501
1114355
1182334
595633
1178208
1331765
437512
914491
315910
468555
1220853
1010083
1319456
612638
1354670
1368497
900594
611137
1226652
1335744
1065014
951454
984930
377576
939380
1235453
408300
291498
1345460
921375
118861
891277
1105098
1153761
1139072
532528
742691
1315597
507015
942882
1343015
926686
900775
367149
1353364
946274
625728
964457
315457
1155503
1088332
181980
1176625
785620
947911
1068863
189867
870430
939707
974022
1200789
1261502
1158798
249152
605958
559744
972845
387378
736677
1154624
368842
1079893
937666
210857
1332648
16472
1084325
989318
1318425
295740
877440
988828
868576
266752
1350005
319205
550158
451836
1017971
1350140
1362147
934745
559735
544725
49827
1234108
1257668
767646
904628
656866
813891
1055115
407003
234225
607583
809064
1160699
688903
573776
832166
1308504
1154509
222469
1342193
819555
1020027
1064595
1352683
457303
1238604
121690
737484
846210
901353
1293444
848550
675588
1164877
812307
1153239
1115237
1165728
1329251
924987
45509
798696
669165
1365936
719419
255304
1116295
827078
648350
891438
873467
567863
699436
1018015
1184774
969038
1362934
1363842
1344261
958833
565879
798652
917515
1364791
624109
1196070
824390
1238415
1027650
981018
843098
1218603
926727
755239
942402
1171249
1145427
1331828
90671
209134
1005819
1290071
353302
697787
1332099
433792
702227
883556
1085341
267169
545595
1257751
247895
843211
1063873
1161579
79826
982330
1190916
490883
894673
627347
1193895
924241
558374
1327705
564764
1263331
305963
574441
563774
1343077
1254646
166880
943896
962436
562092
723196
