979798
501011
1142138
895517
1144887
1326074
1328648
523776
471619
1128598
880518
1332313
129728
1227057
695827
1304754
1118768
807247
863802
1104932
677516
844442
788246
960499
963515
965559
963821
252033
969936
257287
633038
1201715
1259107
1351919
813575
1358753
785153
886508
1331017
931690
939117
914585
539551
819246
819278
717255
1100058
196652
1294422
1174817
1246998
424343
1246033
224646
849869
1228718
618218
908782
702533
1335798
161183
709996
713167
466771
120352
494178
690741
977010
19683
12454
674128
1171693
984964
990080
906073
1153453
1283756
374440
914377
1093670
381597
825386
1073097
1072046
1344969
1275178
793507
1076272
352190
770035
773339
1063865
315457
1068863
255304
755239
267169
1257751
