379829
762217
613862
539493
556140
69090
400558
356427
366018
181242
1444
626970
982307
675714
247183
396600
34856
1001237
410111
74210
279143
665491
417466
215961
280123
410806
82427
1085593
237503
104971
166894
1113679
29787
798483
538452
227968
1155238
356545
431391
185084
289406
517090
1111875
467740
123451
992277
262005
680932
649450
1056140
471821
777941
286501
361386
221374
94309
656511
734718
280862
291395
839043
79146
91391
48534
24886
439317
418349
370381
73410
202871
396753
745155
381500
379300
178539
348346
697080
1000070
71176
231124
38728
210925
915874
233111
128449
230766
203292
593602
270014
192482
232161
340211
771959
505339
143655
721994
603073
417205
12128
74719
639851
394349
66815
726366
311924
16139
1003026
252093
320520
42255
315459
347704
119645
447758
435706
527886
619714
685697
36921
